1,1,172,124,49,44,1,1,1
1,2,91,173,52,45,1,1,1
1,3,37,230,46,42,1,1,1
2,1,168,124,49,52,1,1,1
2,2,91,171,55,55,1,1,1
2,3,33,231,45,49,1,1,1
3,1,168,127,48,51,1,1,1
3,2,92,175,56,54,1,1,1
3,3,36,234,43,51,1,1,1
4,1,167,128,48,51,1,1,1
4,2,93,178,55,53,1,1,1
4,3,36,236,42,50,1,1,1
5,1,167,130,49,52,1,1,1
5,2,93,179,54,52,1,1,1
5,3,35,239,42,49,1,1,1
6,1,166,131,50,53,1,1,1
6,2,90,178,54,60,1,1,1
6,3,35,241,42,49,1,1,1
7,1,165,133,50,54,1,1,1
7,2,89,180,54,60,1,1,1
7,3,35,243,42,49,1,1,1
8,1,164,135,51,55,1,1,1
8,2,88,182,55,59,1,1,1
8,3,34,245,44,49,1,1,1
9,1,164,137,51,55,1,1,1
9,2,87,185,57,57,1,1,1
9,3,34,248,43,48,1,1,1
10,1,164,139,51,54,1,1,1
10,2,87,187,57,56,1,1,1
10,3,33,251,43,47,1,1,1
11,1,164,141,50,54,1,1,1
11,2,86,190,57,55,1,1,1
11,3,31,254,44,47,1,1,1
12,1,163,142,51,54,1,1,1
12,2,87,192,57,55,1,1,1
12,3,30,257,44,48,1,1,1
13,1,162,144,51,54,1,1,1
13,2,88,195,56,53,1,1,1
13,3,29,258,45,49,1,1,1
14,1,162,145,51,54,1,1,1
14,2,89,197,56,53,1,1,1
14,3,32,261,42,49,1,1,1
15,1,161,146,51,54,1,1,1
15,2,90,200,54,52,1,1,1
15,3,32,263,41,49,1,1,1
16,1,161,148,51,54,1,1,1
16,2,89,202,55,52,1,1,1
16,3,32,265,40,48,1,1,1
17,1,160,150,51,54,1,1,1
17,2,90,204,53,52,1,1,1
17,3,31,268,41,48,1,1,1
18,1,160,151,50,55,1,1,1
18,2,90,205,53,52,1,1,1
18,3,31,270,41,49,1,1,1
19,1,159,152,51,54,1,1,1
19,2,85,206,54,56,1,1,1
19,3,30,271,42,51,1,1,1
20,1,158,154,53,56,1,1,1
20,2,83,208,54,55,1,1,1
20,3,30,273,43,50,1,1,1
21,1,158,155,52,57,1,1,1
21,2,82,210,55,54,1,1,1
21,3,31,275,42,50,1,1,1
22,1,159,157,51,57,1,1,1
22,2,82,211,55,55,1,1,1
22,3,30,277,43,50,1,1,1
23,1,160,159,49,56,1,1,1
23,2,82,213,55,54,1,1,1
23,3,29,279,45,51,1,1,1
24,4,10,0,30,25,1,1,1
24,1,160,161,50,56,1,1,1
24,2,84,215,53,54,1,1,1
24,3,29,281,45,51,1,1,1
25,4,10,0,29,27,1,1,1
25,1,160,163,50,55,1,1,1
25,2,84,217,53,54,1,1,1
25,3,29,283,45,51,1,1,1
26,4,9,0,28,28,1,1,1
26,1,160,164,51,56,1,1,1
26,2,85,219,53,54,1,1,1
26,3,28,284,47,50,1,1,1
27,4,7,0,28,30,1,1,1
27,1,160,166,51,56,1,1,1
27,2,86,221,53,54,1,1,1
27,3,28,284,48,49,1,1,1
28,4,6,0,29,31,1,1,1
28,1,159,167,52,56,1,1,1
28,2,87,222,53,54,1,1,1
28,3,31,290,41,45,1,1,1
29,4,5,0,29,33,1,1,1
29,1,159,168,52,57,1,1,1
29,2,88,224,53,53,1,1,1
29,3,31,291,42,44,1,1,1
30,4,5,0,29,33,1,1,1
30,1,159,170,51,56,1,1,1
30,2,88,226,53,53,1,1,1
30,3,31,293,43,42,1,1,1
31,4,4,0,28,34,1,1,1
31,1,160,171,50,57,1,1,1
31,2,88,228,53,53,1,1,1
31,3,31,294,43,41,1,1,1
32,4,3,0,28,34,1,1,1
32,1,160,172,50,57,1,1,1
32,2,89,229,52,54,1,1,1
32,3,32,297,43,38,1,1,1
33,4,2,0,28,34,1,1,1
33,1,160,173,49,56,1,1,1
33,2,90,230,51,54,1,1,1
33,3,33,299,43,36,1,1,1
34,4,1,0,29,35,1,1,1
34,1,161,175,48,56,1,1,1
34,2,85,231,55,59,1,1,1
34,3,34,301,44,34,1,1,1
35,4,1,1,29,36,1,1,1
35,1,161,175,48,58,1,1,1
35,2,84,233,56,58,1,1,1
35,3,35,302,44,33,1,1,1
36,4,2,1,28,38,1,1,1
36,1,161,176,49,58,1,1,1
36,2,84,235,56,57,1,1,1
36,3,36,304,43,31,1,1,1
37,4,2,2,28,38,1,1,1
37,1,161,177,49,58,1,1,1
37,2,84,236,56,57,1,1,1
37,3,36,306,43,29,1,1,1
38,4,2,2,27,40,1,1,1
38,1,160,178,50,61,1,1,1
38,2,85,238,56,57,1,1,1
38,3,36,308,42,27,1,1,1
39,4,0,2,28,41,1,1,1
39,1,160,180,50,60,1,1,1
39,2,86,240,55,57,1,1,1
39,3,36,311,42,24,1,1,1
40,4,0,1,26,43,1,1,1
40,1,160,182,50,60,1,1,1
40,2,87,243,54,56,1,1,1
40,3,35,313,43,22,1,1,1
41,4,0,1,26,43,1,1,1
41,1,160,185,51,59,1,1,1
41,2,89,244,52,56,1,1,1
41,3,35,313,43,22,1,1,1
42,4,0,2,26,41,1,1,1
42,1,161,187,51,58,1,1,1
42,2,91,246,52,55,1,1,1
42,3,38,320,45,15,1,1,1
43,4,1,2,26,41,1,1,1
43,1,161,188,52,58,1,1,1
43,2,92,247,52,56,1,1,1
43,3,38,320,45,15,1,1,1
44,4,2,3,26,39,1,1,1
44,1,161,190,52,58,1,1,1
44,2,93,249,52,56,1,1,1
45,4,3,3,26,37,1,1,1
45,1,161,191,52,58,1,1,1
45,2,94,251,51,56,1,1,1
46,4,0,2,20,52,1,1,1
46,1,162,193,51,57,1,1,1
46,2,95,253,50,55,1,1,1
47,4,0,2,19,53,1,1,1
47,1,162,195,51,56,1,1,1
47,2,95,254,50,55,1,1,1
48,4,0,3,18,52,1,1,1
48,1,163,196,49,56,1,1,1
48,2,92,256,50,60,1,1,1
49,4,0,4,17,52,1,1,1
49,1,164,198,48,55,1,1,1
49,2,93,258,50,58,1,1,1
50,4,0,5,16,52,1,1,1
50,1,164,200,48,54,1,1,1
50,2,92,259,51,58,1,1,1
51,4,0,6,16,52,1,1,1
51,1,165,202,47,53,1,1,1
51,2,92,261,51,57,1,1,1
52,4,0,7,16,52,1,1,1
52,1,164,203,49,54,1,1,1
52,2,92,262,52,58,1,1,1
53,4,0,8,16,51,1,1,1
53,1,164,204,49,54,1,1,1
53,2,92,264,53,58,1,1,1
54,4,0,10,16,49,1,1,1
54,1,164,205,49,53,1,1,1
54,2,92,265,54,59,1,1,1
55,4,0,10,16,49,1,1,1
55,1,164,205,52,61,1,1,1
55,2,92,267,55,59,1,1,1
56,4,0,10,16,49,1,1,1
56,1,165,207,51,62,1,1,1
56,2,93,269,54,60,1,1,1
57,4,0,10,16,49,1,1,1
57,1,165,209,51,62,1,1,1
57,2,94,270,54,60,1,1,1
58,4,0,10,16,49,1,1,1
58,1,166,211,50,62,1,1,1
58,2,95,271,54,60,1,1,1
59,4,0,10,16,49,1,1,1
59,5,17,0,39,25,1,1,1
59,1,166,213,51,61,1,1,1
59,2,95,273,54,59,1,1,1
60,4,0,10,16,49,1,1,1
60,5,18,0,40,25,1,1,1
60,1,166,214,51,60,1,1,1
60,2,95,275,54,58,1,1,1
61,4,0,10,16,49,1,1,1
61,5,18,0,42,26,1,1,1
61,1,166,215,51,59,1,1,1
61,2,94,277,55,57,1,1,1
62,4,0,10,16,49,1,1,1
62,5,18,0,43,27,1,1,1
62,1,166,215,51,59,1,1,1
62,2,94,277,55,57,1,1,1
63,4,0,10,16,49,1,1,1
63,5,18,0,44,28,1,1,1
63,1,168,218,51,60,1,1,1
63,2,95,280,53,55,1,1,1
64,4,0,10,16,49,1,1,1
64,5,18,0,44,28,1,1,1
64,1,170,221,50,59,1,1,1
64,2,96,281,52,54,1,1,1
65,4,0,10,16,49,1,1,1
65,5,18,0,44,28,1,1,1
65,1,171,223,50,58,1,1,1
65,2,96,282,52,53,1,1,1
66,4,0,10,16,49,1,1,1
66,5,18,0,44,28,1,1,1
66,1,171,226,50,56,1,1,1
66,2,95,286,54,49,1,1,1
67,4,0,10,16,49,1,1,1
67,5,18,0,44,28,1,1,1
67,1,170,228,51,56,1,1,1
67,2,95,288,54,47,1,1,1
68,4,0,10,16,49,1,1,1
68,5,16,2,44,31,1,1,1
68,1,169,228,51,58,1,1,1
68,2,96,289,54,46,1,1,1
69,4,0,10,16,49,1,1,1
69,5,16,2,45,32,1,1,1
69,1,171,228,51,65,1,1,1
69,2,97,291,54,44,1,1,1
70,4,0,10,16,49,1,1,1
70,5,16,2,45,33,1,1,1
70,1,170,232,51,63,1,1,1
70,2,98,293,52,42,1,1,1
71,4,0,10,16,49,1,1,1
71,5,16,2,45,35,1,1,1
71,1,170,236,51,61,1,1,1
71,2,98,295,51,40,1,1,1
72,4,0,10,16,49,1,1,1
72,5,15,2,46,37,1,1,1
72,1,170,239,52,60,1,1,1
72,2,98,297,51,38,1,1,1
73,4,0,10,16,49,1,1,1
73,5,15,2,46,38,1,1,1
73,1,170,241,52,59,1,1,1
73,2,97,298,50,37,1,1,1
74,5,15,3,46,38,1,1,1
74,4,0,30,10,59,1,1,1
74,1,171,242,52,60,1,1,1
74,2,96,301,51,34,1,1,1
75,5,15,3,46,39,1,1,1
75,4,0,31,11,58,1,1,1
75,1,172,245,52,58,1,1,1
75,2,95,303,52,32,1,1,1
76,5,15,3,45,40,1,1,1
76,4,0,31,12,60,1,1,1
76,1,172,248,53,57,1,1,1
76,2,96,306,51,29,1,1,1
77,5,14,3,45,42,1,1,1
77,4,0,32,14,60,1,1,1
77,1,172,251,54,55,1,1,1
77,2,96,308,51,27,1,1,1
78,5,14,3,45,42,1,1,1
78,4,0,32,14,60,1,1,1
78,1,172,251,54,55,1,1,1
78,2,96,308,51,27,1,1,1
79,5,14,3,45,43,1,1,1
79,4,1,32,16,62,1,1,1
79,1,171,255,54,54,1,1,1
79,2,97,312,49,23,1,1,1
80,5,14,4,44,41,1,1,1
80,4,2,31,17,64,1,1,1
80,1,170,255,53,55,1,1,1
80,2,96,315,48,20,1,1,1
81,5,18,6,43,45,1,1,1
81,4,3,32,17,63,1,1,1
81,1,174,256,49,61,1,1,1
81,2,95,316,47,19,1,1,1
82,5,18,7,44,44,1,1,1
82,4,3,32,17,63,1,1,1
82,1,173,259,48,61,1,1,1
82,2,93,318,46,17,1,1,1
83,5,19,8,44,43,1,1,1
83,4,3,32,17,63,1,1,1
83,1,173,261,49,60,1,1,1
83,2,93,320,44,15,1,1,1
84,5,20,9,44,44,1,1,1
84,4,3,32,17,63,1,1,1
84,1,172,264,51,59,1,1,1
84,2,94,321,42,14,1,1,1
85,5,20,9,44,45,1,1,1
85,4,3,32,17,63,1,1,1
85,1,172,265,53,60,1,1,1
86,5,20,10,44,47,1,1,1
86,4,0,54,12,57,1,1,1
86,1,172,267,54,59,1,1,1
87,5,19,11,46,48,1,1,1
87,4,0,54,12,57,1,1,1
87,1,171,268,55,60,1,1,1
88,5,19,12,45,49,1,1,1
88,4,0,54,12,58,1,1,1
88,1,171,270,56,59,1,1,1
89,5,19,14,46,48,1,1,1
89,4,0,55,12,58,1,1,1
89,1,171,273,55,57,1,1,1
90,5,19,14,46,48,1,1,1
90,4,0,55,12,58,1,1,1
90,1,171,273,55,57,1,1,1
91,5,20,16,47,49,1,1,1
91,4,0,55,12,61,1,1,1
91,1,170,278,55,56,1,1,1
92,5,20,17,47,48,1,1,1
92,4,0,56,12,61,1,1,1
92,1,170,280,54,55,1,1,1
93,5,20,17,47,48,1,1,1
93,4,0,56,12,61,1,1,1
93,1,170,280,54,55,1,1,1
94,5,20,19,47,48,1,1,1
94,4,0,58,13,63,1,1,1
94,1,173,286,50,49,1,1,1
95,5,20,20,47,48,1,1,1
95,4,0,58,14,64,1,1,1
95,1,172,288,52,47,1,1,1
96,5,20,22,46,47,1,1,1
96,4,0,58,15,64,1,1,1
96,1,172,290,52,45,1,1,1
97,5,20,23,46,46,1,1,1
97,4,0,58,15,64,1,1,1
97,1,172,293,52,42,1,1,1
98,5,21,24,44,46,1,1,1
98,4,0,59,16,63,1,1,1
98,1,171,295,53,40,1,1,1
99,5,21,24,44,47,1,1,1
99,4,1,60,16,62,1,1,1
99,1,171,297,53,38,1,1,1
100,5,22,24,42,48,1,1,1
100,4,2,61,16,61,1,1,1
100,1,172,299,52,36,1,1,1
101,5,22,30,44,49,1,1,1
101,4,4,63,16,60,1,1,1
101,1,172,301,52,34,1,1,1
102,5,22,30,44,49,1,1,1
102,4,4,63,16,60,1,1,1
102,1,172,301,52,34,1,1,1
103,5,21,33,46,48,1,1,1
103,4,4,63,16,60,1,1,1
103,1,170,303,52,32,1,1,1
104,5,21,34,46,48,1,1,1
104,4,0,79,12,55,1,1,1
104,1,169,305,51,30,1,1,1
105,5,21,35,47,48,1,1,1
105,4,0,79,12,57,1,1,1
105,1,169,307,49,28,1,1,1
106,5,21,36,47,49,1,1,1
106,4,0,79,12,58,1,1,1
106,1,169,309,46,25,1,1,1
107,5,21,36,47,50,1,1,1
107,4,0,80,13,58,1,1,1
107,1,171,311,41,23,1,1,1
108,5,21,37,47,50,1,1,1
108,4,0,80,13,59,1,1,1
109,5,21,38,47,50,1,1,1
109,4,0,80,14,60,1,1,1
110,5,22,39,46,51,1,1,1
110,4,0,81,14,60,1,1,1
111,5,22,41,45,49,1,1,1
111,4,0,82,13,61,1,1,1
112,5,22,41,45,50,1,1,1
112,4,0,83,12,61,1,1,1
113,5,22,42,45,50,1,1,1
113,4,0,83,12,61,1,1,1
114,5,21,43,46,50,1,1,1
114,4,0,83,11,61,1,1,1
115,6,120,0,42,19,1,1,1
115,5,22,44,45,50,1,1,1
115,4,0,84,12,60,1,1,1
116,6,119,0,44,21,1,1,1
116,5,22,46,45,51,1,1,1
116,4,0,84,14,61,1,1,1
117,6,119,0,44,23,1,1,1
117,5,22,48,45,51,1,1,1
117,4,0,86,16,60,1,1,1
118,6,119,0,45,25,1,1,1
118,5,22,48,44,52,1,1,1
118,4,1,87,17,61,1,1,1
119,6,108,0,51,30,1,1,1
119,5,23,54,43,52,1,1,1
119,4,3,90,16,59,1,1,1
120,6,108,0,51,31,1,1,1
120,5,22,55,45,51,1,1,1
120,4,6,91,15,60,1,1,1
121,6,109,0,49,31,1,1,1
121,5,22,57,46,51,1,1,1
121,4,7,91,16,60,1,1,1
122,6,116,0,50,28,1,1,1
122,5,21,58,47,51,1,1,1
122,4,7,91,16,60,1,1,1
123,6,115,0,51,29,1,1,1
123,5,21,59,47,52,1,1,1
123,4,7,91,16,60,1,1,1
124,6,115,0,51,29,1,1,1
124,5,21,59,47,52,1,1,1
124,4,7,91,16,60,1,1,1
125,6,114,0,52,34,1,1,1
125,5,20,60,49,54,1,1,1
125,4,0,106,11,63,1,1,1
126,6,114,0,53,37,1,1,1
126,5,20,60,49,54,1,1,1
126,4,0,106,10,64,1,1,1
127,6,114,0,53,38,1,1,1
127,5,20,61,50,54,1,1,1
127,4,0,107,10,64,1,1,1
128,6,115,0,52,40,1,1,1
128,5,20,62,50,54,1,1,1
128,4,0,108,10,63,1,1,1
129,6,116,0,51,41,1,1,1
129,5,20,63,49,54,1,1,1
129,4,0,109,10,61,1,1,1
130,6,116,1,52,42,1,1,1
130,5,19,64,50,54,1,1,1
130,4,0,109,10,60,1,1,1
131,6,116,1,53,44,1,1,1
131,5,19,66,50,53,1,1,1
131,4,0,111,10,57,1,1,1
132,6,115,2,56,44,1,1,1
132,5,19,68,49,53,1,1,1
132,4,0,112,11,58,1,1,1
133,6,112,2,55,49,1,1,1
133,5,19,70,49,53,1,1,1
133,4,0,114,13,57,1,1,1
134,6,112,2,55,51,1,1,1
134,5,19,72,49,53,1,1,1
134,4,1,114,13,60,1,1,1
135,6,113,4,54,50,1,1,1
135,5,19,72,49,55,1,1,1
135,4,3,114,12,61,1,1,1
136,7,171,0,52,14,1,1,1
136,6,113,6,54,49,1,1,1
136,5,20,78,49,55,1,1,1
137,7,169,0,53,15,1,1,1
137,6,113,8,54,48,1,1,1
137,5,19,80,50,54,1,1,1
138,7,168,0,52,16,1,1,1
138,6,113,9,54,48,1,1,1
138,5,18,81,52,54,1,1,1
139,7,167,0,51,19,1,1,1
139,6,113,10,54,49,1,1,1
139,5,17,82,53,54,1,1,1
140,7,166,0,51,22,1,1,1
140,6,113,11,54,49,1,1,1
140,5,16,83,54,55,1,1,1
141,7,166,0,51,25,1,1,1
141,6,113,12,55,51,1,1,1
141,5,17,84,53,55,1,1,1
142,7,165,0,51,28,1,1,1
142,6,113,13,54,51,1,1,1
142,5,16,85,53,55,1,1,1
143,7,165,0,51,30,1,1,1
143,6,114,15,53,51,1,1,1
143,5,16,86,52,55,1,1,1
144,7,164,0,53,32,1,1,1
144,6,114,17,52,50,1,1,1
144,5,15,87,52,55,1,1,1
145,7,165,0,52,33,1,1,1
145,6,114,20,51,48,1,1,1
145,5,14,88,53,56,1,1,1
146,7,164,0,54,34,1,1,1
146,6,114,22,50,48,1,1,1
146,5,14,90,53,56,1,1,1
147,7,165,0,53,36,1,1,1
147,6,113,24,52,49,1,1,1
147,5,14,91,52,57,1,1,1
148,7,164,0,53,38,1,1,1
148,6,113,24,53,51,1,1,1
148,5,13,93,52,56,1,1,1
149,7,165,0,52,40,1,1,1
149,6,113,26,51,53,1,1,1
149,5,13,95,50,55,1,1,1
150,7,164,0,52,41,1,1,1
150,6,112,28,51,51,1,1,1
150,5,14,97,48,55,1,1,1
151,7,163,0,54,43,1,1,1
151,6,113,31,50,49,1,1,1
151,5,13,98,47,55,1,1,1
152,7,162,1,55,44,1,1,1
152,6,113,33,50,48,1,1,1
152,5,14,99,45,55,1,1,1
153,7,162,2,57,44,1,1,1
153,6,113,35,50,47,1,1,1
153,5,9,104,53,54,1,1,1
154,8,218,0,55,14,1,1,1
154,7,163,3,53,48,1,1,1
154,6,111,36,50,49,1,1,1
154,5,8,104,54,56,1,1,1
155,8,216,0,56,15,1,1,1
155,7,163,4,53,47,1,1,1
155,6,110,36,52,51,1,1,1
155,5,8,105,55,57,1,1,1
156,8,215,0,56,17,1,1,1
156,7,162,4,55,49,1,1,1
156,6,110,36,53,53,1,1,1
156,5,7,105,55,59,1,1,1
157,8,215,0,57,19,1,1,1
157,7,163,5,54,49,1,1,1
157,6,110,37,53,54,1,1,1
157,5,6,107,56,58,1,1,1
158,8,214,0,58,21,1,1,1
158,7,163,5,56,51,1,1,1
158,6,109,37,54,55,1,1,1
158,5,6,108,55,58,1,1,1
159,8,214,0,58,23,1,1,1
159,7,163,6,56,52,1,1,1
159,6,109,39,54,55,1,1,1
159,5,6,109,54,58,1,1,1
160,8,214,0,57,25,1,1,1
160,7,163,7,56,53,1,1,1
160,6,109,41,53,55,1,1,1
160,5,5,110,54,59,1,1,1
161,8,214,0,56,28,1,1,1
161,7,164,9,54,53,1,1,1
161,6,108,44,55,54,1,1,1
161,5,5,111,53,60,1,1,1
162,8,214,0,56,31,1,1,1
162,7,163,11,54,52,1,1,1
162,6,107,46,56,54,1,1,1
162,5,5,113,51,60,1,1,1
163,8,215,0,55,34,1,1,1
163,7,162,13,54,51,1,1,1
163,6,107,47,55,55,1,1,1
163,5,5,116,50,58,1,1,1
164,8,215,0,54,36,1,1,1
164,7,161,15,54,50,1,1,1
164,6,107,48,54,54,1,1,1
164,5,5,119,49,56,1,1,1
165,8,215,0,54,36,1,1,1
165,7,161,15,54,50,1,1,1
165,6,107,48,54,54,1,1,1
165,5,5,119,49,56,1,1,1
166,8,214,0,56,39,1,1,1
166,7,160,19,52,51,1,1,1
166,6,109,55,52,53,1,1,1
166,5,3,122,48,56,1,1,1
167,8,212,0,59,41,1,1,1
167,7,159,21,52,52,1,1,1
167,6,109,57,52,52,1,1,1
167,5,3,123,47,56,1,1,1
168,8,211,0,60,43,1,1,1
168,7,158,22,53,54,1,1,1
168,6,108,58,53,52,1,1,1
168,5,4,124,46,57,1,1,1
169,9,72,1,54,36,1,1,1
169,8,210,0,60,44,1,1,1
169,7,161,26,50,54,1,1,1
169,6,108,59,53,52,1,1,1
169,5,5,124,44,58,1,1,1
170,9,70,1,56,37,1,1,1
170,8,210,0,59,46,1,1,1
170,7,161,26,50,54,1,1,1
170,6,108,59,52,53,1,1,1
170,5,1,128,50,57,1,1,1
171,9,68,1,58,38,1,1,1
171,8,209,0,62,47,1,1,1
171,7,161,27,50,54,1,1,1
171,6,107,58,53,55,1,1,1
171,5,0,128,51,59,1,1,1
172,9,68,1,58,39,1,1,1
172,8,208,0,65,48,1,1,1
172,10,264,0,59,19,1,1,1
172,7,161,28,50,54,1,1,1
172,6,106,59,54,56,1,1,1
172,5,0,129,49,59,1,1,1
173,9,67,1,59,39,1,1,1
173,10,262,0,61,20,1,1,1
173,8,210,2,54,51,1,1,1
173,7,161,29,51,54,1,1,1
173,6,105,60,53,57,1,1,1
173,5,0,130,49,60,1,1,1
174,9,66,1,61,40,1,1,1
174,10,259,0,62,21,1,1,1
174,8,210,2,54,52,1,1,1
174,7,160,31,52,53,1,1,1
174,6,103,63,54,57,1,1,1
174,5,0,130,49,61,1,1,1
175,9,66,1,61,41,1,1,1
175,10,259,0,61,23,1,1,1
175,8,209,2,55,54,1,1,1
175,7,159,31,53,54,1,1,1
175,6,102,65,53,57,1,1,1
175,5,0,131,49,61,1,1,1
176,9,65,2,62,41,1,1,1
176,10,259,0,60,25,1,1,1
176,8,209,2,55,55,1,1,1
176,7,157,35,50,52,1,1,1
176,6,101,68,53,57,1,1,1
176,5,0,132,48,61,1,1,1
177,9,64,2,63,42,1,1,1
177,10,260,0,58,27,1,1,1
177,8,208,3,56,56,1,1,1
177,7,156,36,52,53,1,1,1
177,6,101,70,52,58,1,1,1
177,5,0,135,48,60,1,1,1
178,9,63,4,64,40,1,1,1
178,10,261,0,57,30,1,1,1
178,8,208,5,58,56,1,1,1
178,7,156,37,52,54,1,1,1
178,6,100,72,52,58,1,1,1
178,5,0,137,47,59,1,1,1
179,10,262,0,57,32,1,1,1
179,9,65,4,61,48,1,1,1
179,8,206,7,60,56,1,1,1
179,7,155,38,52,55,1,1,1
179,6,99,73,53,58,1,1,1
179,5,0,139,47,59,1,1,1
180,10,262,0,58,34,1,1,1
180,9,64,5,61,48,1,1,1
180,8,205,8,61,56,1,1,1
180,7,155,39,52,57,1,1,1
180,6,97,78,59,55,1,1,1
180,5,0,140,46,59,1,1,1
181,10,262,0,58,34,1,1,1
181,9,64,5,61,48,1,1,1
181,8,205,8,61,56,1,1,1
181,7,155,39,52,57,1,1,1
181,6,97,78,59,55,1,1,1
181,5,0,140,46,59,1,1,1
182,10,260,0,60,38,1,1,1
182,9,62,7,63,48,1,1,1
182,8,205,10,60,57,1,1,1
182,7,154,43,51,57,1,1,1
182,6,96,81,60,56,1,1,1
182,5,0,143,45,62,1,1,1
183,10,259,0,61,39,1,1,1
183,9,61,8,65,49,1,1,1
183,8,204,12,60,57,1,1,1
183,7,153,45,51,57,1,1,1
183,6,96,83,58,55,1,1,1
183,5,0,144,44,63,1,1,1
184,10,259,0,60,41,1,1,1
184,9,60,10,66,49,1,1,1
184,8,202,15,62,58,1,1,1
184,7,152,46,52,57,1,1,1
184,6,96,84,57,55,1,1,1
184,5,0,145,42,64,1,1,1
185,10,259,0,60,41,1,1,1
185,9,60,10,66,49,1,1,1
185,8,202,15,62,58,1,1,1
185,7,152,46,52,57,1,1,1
185,6,96,84,57,55,1,1,1
185,5,0,145,42,64,1,1,1
186,10,259,0,61,45,1,1,1
186,9,59,11,68,52,1,1,1
186,8,200,17,62,62,1,1,1
186,7,152,52,57,57,1,1,1
186,6,96,86,55,56,1,1,1
186,5,0,152,44,62,1,1,1
187,10,258,0,61,46,1,1,1
187,9,59,13,68,53,1,1,1
187,8,200,18,62,62,1,1,1
187,7,153,53,55,57,1,1,1
187,6,96,88,54,57,1,1,1
187,5,0,153,44,62,1,1,1
188,10,257,0,59,47,1,1,1
188,9,59,15,67,53,1,1,1
188,8,201,18,60,61,1,1,1
188,7,153,55,54,56,1,1,1
188,6,95,90,54,59,1,1,1
188,5,0,155,44,62,1,1,1
189,9,58,18,69,52,1,1,1
189,10,262,1,63,54,1,1,1
189,8,204,25,56,59,1,1,1
189,7,152,57,54,56,1,1,1
189,6,94,92,54,61,1,1,1
189,5,0,157,43,61,1,1,1
190,9,57,21,70,51,1,1,1
190,10,263,2,62,53,1,1,1
190,8,203,26,57,59,1,1,1
190,7,152,59,53,56,1,1,1
190,6,92,95,55,61,1,1,1
190,5,0,160,43,60,1,1,1
191,9,60,20,57,54,1,1,1
191,10,262,2,63,55,1,1,1
191,8,203,28,57,58,1,1,1
191,7,150,62,54,55,1,1,1
191,6,91,96,56,62,1,1,1
191,5,0,162,42,60,1,1,1
192,9,61,22,55,54,1,1,1
192,10,262,2,63,57,1,1,1
192,8,202,30,58,58,1,1,1
192,7,150,64,52,56,1,1,1
192,6,90,97,55,62,1,1,1
192,5,0,165,42,59,1,1,1
193,10,261,2,64,58,1,1,1
193,9,58,27,62,51,1,1,1
193,8,202,31,58,59,1,1,1
193,7,149,66,52,57,1,1,1
193,6,95,104,58,56,1,1,1
193,5,0,167,42,61,1,1,1
194,10,261,3,63,59,1,1,1
194,9,57,27,64,53,1,1,1
194,8,201,34,59,58,1,1,1
194,7,149,68,51,58,1,1,1
194,6,94,106,59,55,1,1,1
194,5,0,169,42,63,1,1,1
195,10,260,3,63,60,1,1,1
195,9,57,28,64,54,1,1,1
195,8,201,36,59,59,1,1,1
195,7,149,70,51,59,1,1,1
195,6,94,107,58,57,1,1,1
195,5,0,170,41,65,1,1,1
196,10,259,4,63,60,1,1,1
196,9,56,30,65,55,1,1,1
196,8,201,36,54,60,1,1,1
196,7,148,72,52,58,1,1,1
196,6,92,109,58,57,1,1,1
196,5,0,172,39,63,1,1,1
197,10,258,7,63,59,1,1,1
197,9,56,33,64,54,1,1,1
197,8,201,38,54,62,1,1,1
197,7,148,77,55,56,1,1,1
197,6,91,111,57,57,1,1,1
197,5,0,178,41,60,1,1,1
198,10,258,7,63,59,1,1,1
198,9,56,33,64,54,1,1,1
198,8,201,38,54,62,1,1,1
198,7,148,77,55,56,1,1,1
198,6,91,111,57,57,1,1,1
198,5,0,178,41,60,1,1,1
199,10,254,11,65,60,1,1,1
199,9,57,37,59,57,1,1,1
199,8,201,42,54,63,1,1,1
199,7,146,81,55,55,1,1,1
199,6,89,115,54,58,1,1,1
199,5,0,181,40,61,1,1,1
200,10,252,14,67,59,1,1,1
200,9,56,40,59,58,1,1,1
200,8,200,43,55,63,1,1,1
200,7,145,83,53,55,1,1,1
200,6,88,117,53,59,1,1,1
200,5,0,183,39,61,1,1,1
201,10,251,16,68,61,1,1,1
201,9,55,43,60,58,1,1,1
201,8,200,43,54,63,1,1,1
201,7,144,85,52,55,1,1,1
201,6,87,120,54,60,1,1,1
201,5,0,185,39,60,1,1,1
202,10,249,17,70,62,1,1,1
202,9,54,45,61,58,1,1,1
202,8,196,49,61,62,1,1,1
202,7,142,87,53,56,1,1,1
202,6,86,122,55,60,1,1,1
202,5,0,187,38,61,1,1,1
203,9,54,46,60,58,1,1,1
203,10,256,23,63,59,1,1,1
203,8,196,50,61,62,1,1,1
203,7,141,89,54,57,1,1,1
203,6,91,126,58,60,1,1,1
203,5,0,190,38,60,1,1,1
204,10,256,24,63,59,1,1,1
204,9,48,53,65,52,1,1,1
204,8,196,51,60,63,1,1,1
204,7,140,91,54,58,1,1,1
204,6,90,129,58,58,1,1,1
204,5,0,193,38,60,1,1,1
205,10,256,25,63,59,1,1,1
205,9,49,53,63,55,1,1,1
205,8,196,52,60,64,1,1,1
205,7,139,94,55,58,1,1,1
205,6,89,132,57,56,1,1,1
205,5,0,196,38,61,1,1,1
206,10,256,25,63,61,1,1,1
206,9,49,55,63,56,1,1,1
206,8,195,53,61,64,1,1,1
206,7,139,97,55,57,1,1,1
206,6,89,134,54,55,1,1,1
206,5,0,199,37,59,1,1,1
207,10,256,25,63,61,1,1,1
207,9,49,55,63,56,1,1,1
207,8,195,53,61,64,1,1,1
207,7,139,97,55,57,1,1,1
207,6,89,134,54,55,1,1,1
207,5,0,199,37,59,1,1,1
208,10,255,29,63,61,1,1,1
208,9,49,59,62,57,1,1,1
208,8,192,57,60,65,1,1,1
208,7,137,103,54,55,1,1,1
208,6,87,138,51,53,1,1,1
208,5,0,206,36,58,1,1,1
209,10,253,31,64,60,1,1,1
209,9,49,61,61,57,1,1,1
209,8,191,60,60,66,1,1,1
209,7,138,104,55,56,1,1,1
209,6,86,140,50,53,1,1,1
209,5,0,207,37,59,1,1,1
210,10,250,34,65,59,1,1,1
210,9,48,63,60,57,1,1,1
210,8,190,65,60,65,1,1,1
210,7,138,106,55,56,1,1,1
210,6,86,142,49,54,1,1,1
210,5,0,209,37,60,1,1,1
211,10,250,34,65,59,1,1,1
211,9,48,63,60,57,1,1,1
211,8,190,65,60,65,1,1,1
211,7,138,106,55,56,1,1,1
211,6,86,142,49,54,1,1,1
211,5,0,209,37,60,1,1,1
212,10,248,37,65,57,1,1,1
212,9,47,66,61,57,1,1,1
212,8,190,67,59,65,1,1,1
212,7,137,108,55,56,1,1,1
212,6,86,144,50,56,1,1,1
212,5,0,210,36,62,1,1,1
213,10,245,43,65,58,1,1,1
213,9,46,71,62,56,1,1,1
213,8,189,71,58,60,1,1,1
213,7,134,111,54,57,1,1,1
213,6,85,148,51,57,1,1,1
213,5,0,216,34,61,1,1,1
214,10,244,45,66,58,1,1,1
214,9,46,73,62,56,1,1,1
214,8,188,77,60,57,1,1,1
214,7,133,113,54,58,1,1,1
214,6,88,152,52,60,1,1,1
214,5,0,219,34,60,1,1,1
215,10,245,46,63,57,1,1,1
215,9,45,73,60,58,1,1,1
215,8,188,78,59,57,1,1,1
215,7,132,116,53,57,1,1,1
215,6,87,153,53,60,1,1,1
215,5,0,222,33,59,1,1,1
216,10,251,52,56,53,1,1,1
216,9,39,78,66,55,1,1,1
216,8,188,79,59,58,1,1,1
216,7,131,118,54,58,1,1,1
216,6,86,154,53,60,1,1,1
216,5,0,224,32,59,1,1,1
217,10,250,52,58,55,1,1,1
217,9,39,79,65,57,1,1,1
217,8,187,80,59,59,1,1,1
217,7,131,121,54,57,1,1,1
217,6,85,155,53,60,1,1,1
217,5,0,226,30,58,1,1,1
218,10,250,52,58,55,1,1,1
218,9,39,79,65,57,1,1,1
218,8,187,80,59,59,1,1,1
218,7,131,121,54,57,1,1,1
218,6,85,155,53,60,1,1,1
218,5,0,226,30,58,1,1,1
219,10,241,54,64,58,1,1,1
219,9,40,84,60,57,1,1,1
219,8,185,84,58,63,1,1,1
219,7,134,125,53,55,1,1,1
219,6,84,160,51,56,1,1,1
219,5,0,233,31,59,1,1,1
220,10,242,56,63,57,1,1,1
220,9,40,86,60,57,1,1,1
220,8,185,86,58,64,1,1,1
220,7,132,129,51,56,1,1,1
220,6,83,164,51,53,1,1,1
220,5,0,236,32,59,1,1,1
221,10,242,56,63,57,1,1,1
221,9,40,86,60,57,1,1,1
221,8,185,86,58,64,1,1,1
221,7,132,129,51,56,1,1,1
221,6,83,164,51,53,1,1,1
221,5,0,236,32,59,1,1,1
222,10,241,58,64,58,1,1,1
222,9,40,90,61,59,1,1,1
222,8,184,91,59,65,1,1,1
222,7,133,132,53,56,1,1,1
222,6,82,169,51,55,1,1,1
222,5,0,241,31,57,1,1,1
223,10,241,58,64,58,1,1,1
223,9,40,90,61,59,1,1,1
223,8,184,91,59,65,1,1,1
223,7,133,132,53,56,1,1,1
223,6,82,169,51,55,1,1,1
223,5,0,241,31,57,1,1,1
224,10,239,61,66,62,1,1,1
224,9,40,96,62,57,1,1,1
224,8,182,94,59,64,1,1,1
224,7,133,135,53,56,1,1,1
224,6,81,173,52,58,1,1,1
224,5,0,246,27,55,1,1,1
225,10,239,61,66,62,1,1,1
225,9,40,96,62,57,1,1,1
225,8,182,94,59,64,1,1,1
225,7,133,135,53,56,1,1,1
225,6,81,173,52,58,1,1,1
225,5,0,246,27,55,1,1,1
226,10,239,66,65,60,1,1,1
226,9,37,100,63,55,1,1,1
226,8,183,103,61,60,1,1,1
226,7,130,139,52,57,1,1,1
226,6,82,178,52,60,1,1,1
226,5,0,249,26,56,1,1,1
227,10,239,68,63,59,1,1,1
227,9,32,101,68,59,1,1,1
227,8,183,105,61,59,1,1,1
227,7,128,141,54,58,1,1,1
227,6,82,180,52,59,1,1,1
227,5,0,251,25,56,1,1,1
228,10,239,70,61,57,1,1,1
228,9,34,102,65,60,1,1,1
228,8,182,107,61,59,1,1,1
228,7,127,144,55,58,1,1,1
228,6,82,181,51,59,1,1,1
228,5,0,252,25,55,1,1,1
229,10,239,70,61,57,1,1,1
229,9,34,102,65,60,1,1,1
229,8,182,107,61,59,1,1,1
229,7,127,144,55,58,1,1,1
229,6,82,181,51,59,1,1,1
229,5,0,252,25,55,1,1,1
230,10,238,77,61,57,1,1,1
230,9,35,108,62,59,1,1,1
230,8,180,110,58,60,1,1,1
230,7,128,147,55,59,1,1,1
230,6,82,186,50,56,1,1,1
230,5,0,262,26,55,1,1,1
231,10,238,77,62,58,1,1,1
231,9,35,110,62,59,1,1,1
231,8,180,112,57,60,1,1,1
231,7,129,153,51,57,1,1,1
231,6,80,189,50,55,1,1,1
231,5,1,264,26,55,1,1,1
232,10,237,79,63,58,1,1,1
232,9,34,113,62,59,1,1,1
232,8,179,114,58,61,1,1,1
232,7,130,154,50,57,1,1,1
232,6,79,192,50,55,1,1,1
232,5,1,266,26,55,1,1,1
233,10,236,80,62,59,1,1,1
233,9,34,115,62,60,1,1,1
233,8,179,116,58,62,1,1,1
233,7,130,156,51,57,1,1,1
233,6,79,195,49,54,1,1,1
233,5,0,269,27,55,1,1,1
234,10,234,81,63,60,1,1,1
234,9,34,116,62,61,1,1,1
234,8,178,119,58,61,1,1,1
234,7,130,158,52,56,1,1,1
234,6,78,197,50,55,1,1,1
234,5,0,271,25,56,1,1,1
235,10,233,82,63,61,1,1,1
235,9,34,119,62,60,1,1,1
235,8,176,121,58,61,1,1,1
235,7,130,159,52,57,1,1,1
235,6,78,199,50,55,1,1,1
235,5,0,273,25,56,1,1,1
236,11,251,0,62,36,1,1,1
236,10,232,84,64,61,1,1,1
236,9,33,121,63,60,1,1,1
236,8,175,122,58,60,1,1,1
236,7,128,160,53,57,1,1,1
236,6,77,200,50,57,1,1,1
236,5,0,275,24,55,1,1,1
237,11,252,1,61,37,1,1,1
237,10,231,87,64,60,1,1,1
237,9,32,124,63,57,1,1,1
237,8,178,128,61,58,1,1,1
237,7,126,163,53,57,1,1,1
237,6,75,202,51,56,1,1,1
237,5,0,275,24,57,1,1,1
238,11,253,1,59,39,1,1,1
238,10,230,90,64,59,1,1,1
238,9,32,126,62,55,1,1,1
238,8,177,128,61,58,1,1,1
238,7,124,166,54,56,1,1,1
238,6,76,204,51,60,1,1,1
238,5,0,275,24,59,1,1,1
239,11,252,1,60,41,1,1,1
239,10,230,93,63,58,1,1,1
239,9,28,127,64,58,1,1,1
239,8,175,129,61,59,1,1,1
239,7,123,168,55,57,1,1,1
239,6,75,206,51,59,1,1,1
239,5,0,275,23,60,1,1,1
240,11,250,1,62,43,1,1,1
240,10,230,95,62,57,1,1,1
240,9,29,128,62,59,1,1,1
240,8,173,131,61,59,1,1,1
240,7,122,170,56,58,1,1,1
240,6,75,208,50,58,1,1,1
240,5,0,275,22,60,1,1,1
241,11,249,1,63,44,1,1,1
241,10,230,102,59,56,1,1,1
241,9,29,130,60,60,1,1,1
241,8,172,132,60,60,1,1,1
241,7,122,171,55,58,1,1,1
241,6,74,211,50,57,1,1,1
241,5,0,275,20,59,1,1,1
242,11,248,1,64,45,1,1,1
242,10,230,102,60,58,1,1,1
242,9,27,133,61,60,1,1,1
242,8,172,133,59,61,1,1,1
242,7,121,172,54,59,1,1,1
242,6,73,213,49,57,1,1,1
242,5,1,276,18,58,1,1,1
243,11,243,0,76,53,1,1,1
243,10,229,102,62,60,1,1,1
243,9,25,136,62,59,1,1,1
243,8,171,134,58,62,1,1,1
243,7,121,173,52,60,1,1,1
243,6,72,214,49,58,1,1,1
243,5,1,277,16,55,1,1,1
244,11,242,0,76,53,1,1,1
244,10,229,104,63,59,1,1,1
244,9,23,138,63,59,1,1,1
244,8,170,135,58,65,1,1,1
244,7,124,178,48,60,1,1,1
244,6,71,216,50,58,1,1,1
245,11,240,0,77,54,1,1,1
245,10,228,106,64,59,1,1,1
245,9,22,141,63,58,1,1,1
245,8,168,138,60,65,1,1,1
245,7,123,179,50,60,1,1,1
245,6,70,219,51,57,1,1,1
246,11,239,0,78,56,1,1,1
246,10,226,108,65,59,1,1,1
246,9,22,144,62,56,1,1,1
246,8,167,141,61,65,1,1,1
246,7,122,181,51,59,1,1,1
246,6,70,222,51,56,1,1,1
247,11,238,0,79,58,1,1,1
247,10,225,109,65,60,1,1,1
247,9,23,147,61,55,1,1,1
247,8,166,144,62,64,1,1,1
247,7,122,182,51,59,1,1,1
247,6,69,224,52,56,1,1,1
248,11,238,1,79,59,1,1,1
248,10,224,111,65,58,1,1,1
248,9,24,149,60,54,1,1,1
248,8,166,146,61,63,1,1,1
248,7,121,184,51,59,1,1,1
248,6,68,227,52,55,1,1,1
249,11,239,2,77,60,1,1,1
249,10,224,112,64,58,1,1,1
249,9,24,152,60,52,1,1,1
249,8,165,147,62,62,1,1,1
249,7,120,187,51,57,1,1,1
249,6,69,229,50,53,1,1,1
250,11,240,4,74,60,1,1,1
250,10,223,115,65,57,1,1,1
250,9,24,153,60,52,1,1,1
250,8,166,151,62,62,1,1,1
250,7,119,191,52,56,1,1,1
250,6,68,232,53,55,1,1,1
251,11,240,4,74,60,1,1,1
251,10,223,115,65,57,1,1,1
251,9,24,153,60,52,1,1,1
251,8,166,151,62,62,1,1,1
251,7,119,191,52,56,1,1,1
251,6,68,232,53,55,1,1,1
252,11,236,6,70,66,1,1,1
252,10,223,120,64,55,1,1,1
252,9,22,153,64,59,1,1,1
252,8,166,154,62,61,1,1,1
252,7,118,196,53,56,1,1,1
252,6,69,235,52,53,1,1,1
253,11,236,9,70,66,1,1,1
253,10,226,128,62,56,1,1,1
253,9,23,155,61,59,1,1,1
253,8,166,156,61,61,1,1,1
253,7,118,198,52,56,1,1,1
253,6,69,237,51,53,1,1,1
254,11,236,9,70,66,1,1,1
254,10,226,128,62,56,1,1,1
254,9,23,155,61,59,1,1,1
254,8,166,156,61,61,1,1,1
254,7,118,198,52,56,1,1,1
254,6,69,237,51,53,1,1,1
255,11,235,13,71,67,1,1,1
255,10,226,129,63,58,1,1,1
255,9,22,160,62,59,1,1,1
255,8,167,159,59,62,1,1,1
255,7,118,200,51,58,1,1,1
255,6,68,240,52,54,1,1,1
256,11,235,15,70,67,1,1,1
256,10,226,130,64,59,1,1,1
256,9,22,164,61,57,1,1,1
256,8,167,160,60,65,1,1,1
256,7,122,205,50,57,1,1,1
256,6,68,242,53,54,1,1,1
257,11,235,16,70,67,1,1,1
257,10,227,133,64,57,1,1,1
257,9,22,167,61,56,1,1,1
257,8,167,162,60,66,1,1,1
257,7,121,206,51,57,1,1,1
257,6,68,244,53,55,1,1,1
258,11,236,17,68,66,1,1,1
258,10,226,135,65,57,1,1,1
258,9,22,170,60,55,1,1,1
258,8,167,165,60,66,1,1,1
258,7,121,207,51,57,1,1,1
258,6,68,246,53,55,1,1,1
259,11,236,17,68,66,1,1,1
259,10,226,135,65,57,1,1,1
259,9,22,170,60,55,1,1,1
259,8,167,165,60,66,1,1,1
259,7,121,207,51,57,1,1,1
259,6,68,246,53,55,1,1,1
260,11,235,22,72,66,1,1,1
260,10,224,136,65,59,1,1,1
260,9,25,175,59,53,1,1,1
260,8,167,170,61,63,1,1,1
260,7,120,212,52,56,1,1,1
260,6,69,252,52,54,1,1,1
261,11,236,19,85,76,1,1,1
261,10,223,138,66,59,1,1,1
261,9,25,177,61,52,1,1,1
261,8,166,171,62,62,1,1,1
261,7,120,214,51,57,1,1,1
261,6,69,254,51,54,1,1,1
262,11,237,20,84,78,1,1,1
262,10,223,141,66,58,1,1,1
262,9,25,179,61,51,1,1,1
262,8,165,172,64,62,1,1,1
262,7,120,217,52,57,1,1,1
262,6,69,255,50,54,1,1,1
263,11,237,20,84,78,1,1,1
263,10,223,141,66,58,1,1,1
263,9,25,179,61,51,1,1,1
263,8,165,172,64,62,1,1,1
263,7,120,217,52,57,1,1,1
263,6,69,255,50,54,1,1,1
264,11,238,24,82,78,1,1,1
264,10,225,146,63,57,1,1,1
264,9,24,178,65,60,1,1,1
264,8,168,179,63,61,1,1,1
264,7,120,222,53,56,1,1,1
264,6,70,260,54,54,1,1,1
265,11,238,26,81,77,1,1,1
265,10,226,153,63,58,1,1,1
265,9,25,179,63,61,1,1,1
265,8,168,180,62,61,1,1,1
265,7,120,223,53,57,1,1,1
265,6,70,261,54,55,1,1,1
266,11,231,28,78,77,1,1,1
266,10,226,152,63,61,1,1,1
266,9,26,182,61,60,1,1,1
266,8,168,182,61,61,1,1,1
266,7,120,224,52,58,1,1,1
266,6,70,263,55,55,1,1,1
267,11,236,31,83,76,1,1,1
267,10,225,153,64,61,1,1,1
267,9,26,186,60,59,1,1,1
267,8,168,184,60,61,1,1,1
267,7,120,225,52,58,1,1,1
267,6,71,266,54,54,1,1,1
268,11,237,34,81,74,1,1,1
268,10,225,154,64,61,1,1,1
268,9,25,188,61,59,1,1,1
268,8,168,185,59,64,1,1,1
268,7,123,233,50,52,1,1,1
268,6,71,268,54,54,1,1,1
269,12,416,0,101,67,1,1,1
269,11,237,37,80,73,1,1,1
269,10,225,156,64,60,1,1,1
269,9,25,191,60,57,1,1,1
269,8,168,187,59,65,1,1,1
269,7,123,234,51,52,1,1,1
269,6,72,270,53,54,1,1,1
270,13,275,0,53,18,1,1,1
270,12,416,0,104,66,1,1,1
270,11,233,42,74,67,1,1,1
270,10,225,158,64,60,1,1,1
270,9,26,194,59,56,1,1,1
270,8,168,190,59,64,1,1,1
270,7,123,235,51,53,1,1,1
270,6,72,272,53,53,1,1,1
271,13,274,0,54,21,1,1,1
271,12,415,0,107,67,1,1,1
271,11,236,42,84,74,1,1,1
271,10,224,159,65,61,1,1,1
271,9,26,196,59,56,1,1,1
271,8,169,193,58,64,1,1,1
271,7,123,237,51,52,1,1,1
271,6,72,274,52,53,1,1,1
272,13,273,0,56,24,1,1,1
272,12,416,0,106,67,1,1,1
272,11,235,43,86,75,1,1,1
272,10,224,160,64,61,1,1,1
272,9,27,199,58,55,1,1,1
272,8,170,195,58,63,1,1,1
272,7,122,240,52,52,1,1,1
272,6,72,276,51,52,1,1,1
273,13,272,0,58,26,1,1,1
273,12,414,0,109,68,1,1,1
273,11,236,43,84,78,1,1,1
273,10,224,162,64,60,1,1,1
273,9,26,201,60,55,1,1,1
273,8,169,197,58,61,1,1,1
273,7,121,242,52,52,1,1,1
273,6,71,279,50,51,1,1,1
274,13,271,0,60,29,1,1,1
274,12,413,0,110,68,1,1,1
274,11,237,44,83,79,1,1,1
274,10,223,164,64,60,1,1,1
274,9,25,203,62,54,1,1,1
274,8,172,204,60,60,1,1,1
274,7,120,244,52,52,1,1,1
274,6,71,281,49,51,1,1,1
275,13,269,0,63,30,1,1,1
275,12,412,0,112,69,1,1,1
275,11,237,46,83,79,1,1,1
275,10,223,167,63,59,1,1,1
275,9,25,205,63,52,1,1,1
275,8,169,205,62,60,1,1,1
275,7,120,246,53,52,1,1,1
275,6,70,283,50,49,1,1,1
276,13,267,0,66,32,1,1,1
276,12,411,0,113,71,1,1,1
276,11,235,53,71,67,1,1,1
276,10,223,171,61,56,1,1,1
276,9,25,204,64,59,1,1,1
276,8,167,206,63,60,1,1,1
276,7,120,248,53,52,1,1,1
276,6,71,287,53,48,1,1,1
277,13,263,0,71,34,1,1,1
277,12,410,0,115,73,1,1,1
277,11,235,56,71,67,1,1,1
277,10,223,174,60,55,1,1,1
277,9,26,205,62,59,1,1,1
277,8,167,208,63,60,1,1,1
277,7,120,250,53,53,1,1,1
277,6,72,288,52,47,1,1,1
278,13,261,0,75,37,1,1,1
278,12,408,0,117,76,1,1,1
278,11,230,53,80,75,1,1,1
278,10,226,178,62,60,1,1,1
278,9,27,207,60,59,1,1,1
278,8,167,210,62,60,1,1,1
278,7,120,251,53,53,1,1,1
278,6,72,290,52,45,1,1,1
279,13,258,0,80,39,1,1,1
279,12,407,0,119,78,1,1,1
279,11,233,61,76,68,1,1,1
279,10,226,178,62,60,1,1,1
279,9,27,207,60,59,1,1,1
279,8,167,210,62,60,1,1,1
279,7,120,251,53,53,1,1,1
279,6,72,290,52,45,1,1,1
280,13,258,0,80,41,1,1,1
280,12,406,0,120,80,1,1,1
280,11,230,59,80,74,1,1,1
280,10,225,180,63,59,1,1,1
280,9,25,213,60,59,1,1,1
280,8,169,212,60,62,1,1,1
280,7,119,253,52,55,1,1,1
280,6,72,294,52,40,1,1,1
281,13,259,0,80,43,1,1,1
281,12,404,0,122,82,1,1,1
281,11,230,62,80,73,1,1,1
281,10,225,181,63,59,1,1,1
281,9,24,215,60,58,1,1,1
281,8,169,213,61,64,1,1,1
281,7,121,259,52,53,1,1,1
281,6,72,297,52,37,1,1,1
282,13,261,0,78,44,1,1,1
282,12,403,0,126,84,1,1,1
282,11,230,64,80,72,1,1,1
282,10,224,183,63,59,1,1,1
282,9,24,218,59,57,1,1,1
282,8,169,216,61,64,1,1,1
282,7,120,259,53,55,1,1,1
282,6,72,300,52,35,1,1,1
283,13,262,0,77,46,1,1,1
283,12,402,0,129,86,1,1,1
283,11,232,67,77,74,1,1,1
283,10,222,185,63,58,1,1,1
283,9,24,221,58,55,1,1,1
283,8,167,218,62,64,1,1,1
283,7,120,260,54,56,1,1,1
283,6,73,302,51,33,1,1,1
284,13,261,0,77,48,1,1,1
284,12,404,0,126,89,1,1,1
284,11,231,67,78,75,1,1,1
284,10,222,186,62,59,1,1,1
284,9,25,224,57,54,1,1,1
284,8,166,220,62,64,1,1,1
284,7,119,262,54,56,1,1,1
284,6,75,304,48,31,1,1,1
285,13,261,0,78,50,1,1,1
285,12,405,0,123,92,1,1,1
285,11,230,68,79,76,1,1,1
285,10,221,188,62,58,1,1,1
285,9,25,226,57,54,1,1,1
285,8,165,221,61,64,1,1,1
285,7,119,264,54,57,1,1,1
285,6,76,306,45,29,1,1,1
286,13,255,1,87,52,1,1,1
286,12,406,0,119,95,1,1,1
286,11,228,69,81,77,1,1,1
286,10,221,190,62,58,1,1,1
286,9,25,228,58,54,1,1,1
286,8,164,222,61,64,1,1,1
286,7,118,266,54,57,1,1,1
286,6,76,308,44,27,1,1,1
287,13,255,1,87,52,1,1,1
287,12,406,0,119,95,1,1,1
287,11,228,69,81,77,1,1,1
287,10,221,190,62,58,1,1,1
287,9,25,228,58,54,1,1,1
287,8,164,222,61,64,1,1,1
287,7,118,266,54,57,1,1,1
287,6,76,308,44,27,1,1,1
288,13,249,0,96,56,1,1,1
288,12,403,0,122,99,1,1,1
288,11,228,72,80,78,1,1,1
288,10,220,196,61,57,1,1,1
288,9,24,230,59,55,1,1,1
288,8,165,232,59,60,1,1,1
288,7,117,271,54,56,1,1,1
288,6,74,311,45,24,1,1,1
289,13,247,0,97,57,1,1,1
289,12,402,0,124,100,1,1,1
289,11,227,75,79,77,1,1,1
289,10,220,198,60,57,1,1,1
289,9,21,231,64,58,1,1,1
289,8,164,234,59,60,1,1,1
289,7,116,273,54,55,1,1,1
289,6,72,313,47,22,1,1,1
290,13,247,0,95,58,1,1,1
290,12,382,0,139,101,1,1,1
290,11,227,79,78,75,1,1,1
290,10,224,203,60,61,1,1,1
290,9,21,233,62,58,1,1,1
290,8,163,236,60,60,1,1,1
290,7,116,274,53,55,1,1,1
291,13,247,0,93,60,1,1,1
291,12,388,0,131,113,1,1,1
291,11,225,82,79,74,1,1,1
291,10,225,205,59,59,1,1,1
291,9,20,235,62,58,1,1,1
291,8,162,238,60,59,1,1,1
291,7,115,275,52,56,1,1,1
292,13,251,0,88,65,1,1,1
292,12,389,0,129,116,1,1,1
292,11,224,85,80,73,1,1,1
292,10,225,206,58,60,1,1,1
292,9,19,237,62,59,1,1,1
292,8,162,239,60,60,1,1,1
292,7,115,277,50,56,1,1,1
293,13,251,0,88,65,1,1,1
293,12,389,0,129,116,1,1,1
293,11,224,85,80,73,1,1,1
293,10,225,206,58,60,1,1,1
293,9,19,237,62,59,1,1,1
293,8,162,239,60,60,1,1,1
293,7,115,277,50,56,1,1,1
294,13,248,0,90,69,1,1,1
294,12,386,0,133,120,1,1,1
294,11,222,88,80,74,1,1,1
294,10,222,209,60,60,1,1,1
294,9,18,242,62,59,1,1,1
294,8,161,241,60,62,1,1,1
294,7,114,277,50,58,1,1,1
295,13,247,0,88,71,1,1,1
295,12,383,0,138,121,1,1,1
295,11,226,92,71,70,1,1,1
295,10,221,210,61,60,1,1,1
295,9,17,245,62,58,1,1,1
295,8,159,242,60,64,1,1,1
295,7,113,276,53,59,1,1,1
296,13,247,0,88,71,1,1,1
296,12,383,0,138,121,1,1,1
296,11,226,92,71,70,1,1,1
296,10,221,210,61,60,1,1,1
296,9,17,245,62,58,1,1,1
296,8,159,242,60,64,1,1,1
296,7,113,276,53,59,1,1,1
297,13,246,0,85,76,1,1,1
297,12,380,0,141,124,1,1,1
297,11,218,93,83,79,1,1,1
297,10,219,213,61,59,1,1,1
297,9,17,249,61,57,1,1,1
297,8,156,248,61,62,1,1,1
297,7,109,286,61,49,1,1,1
298,13,246,2,83,76,1,1,1
298,12,380,0,139,125,1,1,1
298,11,217,95,83,78,1,1,1
298,10,218,215,60,59,1,1,1
298,9,17,251,61,55,1,1,1
298,8,155,251,61,59,1,1,1
298,7,108,287,61,48,1,1,1
299,13,246,2,83,76,1,1,1
299,12,380,0,139,125,1,1,1
299,11,217,95,83,78,1,1,1
299,10,218,215,60,59,1,1,1
299,9,17,251,61,55,1,1,1
299,8,155,251,61,59,1,1,1
299,7,108,287,61,48,1,1,1
300,13,244,6,82,77,1,1,1
300,12,381,5,134,124,1,1,1
300,11,219,101,80,75,1,1,1
300,10,215,220,62,60,1,1,1
300,9,17,255,61,53,1,1,1
300,8,154,256,63,63,1,1,1
300,7,106,297,54,36,1,1,1
301,13,243,8,82,77,1,1,1
301,12,381,8,133,124,1,1,1
301,11,218,104,80,74,1,1,1
301,10,215,223,61,60,1,1,1
301,9,16,256,62,53,1,1,1
301,8,153,258,64,64,1,1,1
301,7,106,298,54,37,1,1,1
302,13,243,10,81,76,1,1,1
302,12,379,11,137,122,1,1,1
302,11,220,109,73,68,1,1,1
302,10,213,225,63,60,1,1,1
302,9,14,258,65,56,1,1,1
302,8,153,259,64,65,1,1,1
302,7,107,298,52,37,1,1,1
303,13,242,12,83,75,1,1,1
303,12,376,12,143,121,1,1,1
303,11,221,112,72,67,1,1,1
303,10,217,231,59,57,1,1,1
303,9,14,259,65,56,1,1,1
303,8,152,261,64,65,1,1,1
303,7,108,299,49,36,1,1,1
304,13,241,13,85,75,1,1,1
304,12,373,12,148,122,1,1,1
304,11,221,114,73,68,1,1,1
304,10,216,232,60,57,1,1,1
304,9,18,260,52,59,1,1,1
304,8,153,263,63,64,1,1,1
304,7,109,301,46,34,1,1,1
305,13,242,18,85,71,1,1,1
305,12,381,15,136,129,1,1,1
305,11,216,114,80,70,1,1,1
305,10,216,233,60,56,1,1,1
305,9,17,261,54,60,1,1,1
305,8,152,265,64,63,1,1,1
305,7,108,303,46,32,1,1,1
306,13,241,19,87,72,1,1,1
306,12,382,15,134,130,1,1,1
306,11,215,115,80,71,1,1,1
306,10,216,235,61,55,1,1,1
306,9,15,262,58,60,1,1,1
306,8,152,268,64,61,1,1,1
306,7,106,306,49,29,1,1,1
307,13,240,20,87,73,1,1,1
307,12,383,16,130,131,1,1,1
307,11,220,117,73,71,1,1,1
307,10,216,237,60,54,1,1,1
307,9,15,263,59,59,1,1,1
307,8,152,270,64,61,1,1,1
307,7,103,309,53,26,1,1,1
308,13,240,20,87,73,1,1,1
308,12,383,16,130,131,1,1,1
308,11,220,117,73,71,1,1,1
308,10,216,237,60,54,1,1,1
308,9,15,263,59,59,1,1,1
308,8,152,270,64,61,1,1,1
308,7,103,309,53,26,1,1,1
309,13,240,24,85,74,1,1,1
309,12,378,17,133,133,1,1,1
309,11,214,119,82,78,1,1,1
309,10,214,240,61,55,1,1,1
309,9,14,266,61,61,1,1,1
309,8,153,273,61,59,1,1,1
309,7,97,316,61,19,1,1,1
310,13,240,27,84,73,1,1,1
310,12,376,19,137,133,1,1,1
310,11,214,121,81,77,1,1,1
310,10,214,243,61,54,1,1,1
310,9,14,268,61,63,1,1,1
310,8,153,274,61,59,1,1,1
311,13,240,29,83,73,1,1,1
311,12,375,22,139,132,1,1,1
311,11,213,124,81,75,1,1,1
311,10,212,246,62,54,1,1,1
311,9,14,270,61,63,1,1,1
311,8,152,275,63,59,1,1,1
312,13,240,31,82,73,1,1,1
312,12,376,26,137,130,1,1,1
312,11,217,129,72,66,1,1,1
312,10,210,248,62,54,1,1,1
312,9,14,272,61,63,1,1,1
312,8,151,279,60,55,1,1,1
313,13,240,33,82,73,1,1,1
313,12,375,29,138,128,1,1,1
313,11,216,132,71,66,1,1,1
313,10,208,250,63,55,1,1,1
313,9,15,273,60,62,1,1,1
313,8,151,281,60,53,1,1,1
314,13,241,34,80,74,1,1,1
314,12,373,31,141,127,1,1,1
314,11,217,135,69,66,1,1,1
314,10,208,252,63,55,1,1,1
314,9,15,275,59,60,1,1,1
314,8,145,287,66,48,1,1,1
315,13,241,35,80,76,1,1,1
315,12,369,34,146,124,1,1,1
315,11,217,138,69,66,1,1,1
315,9,15,277,58,58,1,1,1
315,10,208,256,61,59,1,1,1
315,8,144,288,69,47,1,1,1
316,13,240,37,80,76,1,1,1
316,12,366,36,149,123,1,1,1
316,11,216,140,70,67,1,1,1
316,9,16,280,56,55,1,1,1
316,10,207,257,62,59,1,1,1
316,8,144,288,69,47,1,1,1
317,13,236,41,83,76,1,1,1
317,12,366,37,146,123,1,1,1
317,11,215,142,72,67,1,1,1
317,10,207,259,62,59,1,1,1
317,9,9,290,68,42,1,1,1
317,8,144,289,69,46,1,1,1
318,13,236,42,83,76,1,1,1
318,12,367,38,142,124,1,1,1
318,11,215,143,72,68,1,1,1
318,10,207,261,63,58,1,1,1
318,9,9,289,69,44,1,1,1
318,8,144,289,68,46,1,1,1
319,13,237,44,82,75,1,1,1
319,12,378,44,128,123,1,1,1
319,11,214,145,74,68,1,1,1
319,10,207,263,62,57,1,1,1
319,9,8,288,70,46,1,1,1
319,8,143,289,69,46,1,1,1
320,13,238,46,80,74,1,1,1
320,12,377,46,127,121,1,1,1
320,11,214,145,73,69,1,1,1
320,10,207,264,61,57,1,1,1
320,9,7,289,71,46,1,1,1
320,8,142,290,70,45,1,1,1
321,13,238,48,79,73,1,1,1
321,12,374,47,129,121,1,1,1
321,11,207,145,82,76,1,1,1
321,10,206,266,61,57,1,1,1
321,9,7,290,69,45,1,1,1
321,8,141,291,71,44,1,1,1
322,13,238,50,79,73,1,1,1
322,12,373,48,131,122,1,1,1
322,11,206,146,83,78,1,1,1
322,10,204,267,63,58,1,1,1
322,9,7,293,67,42,1,1,1
322,8,141,293,71,42,1,1,1
323,13,238,50,79,73,1,1,1
323,12,373,48,131,122,1,1,1
323,11,206,146,83,78,1,1,1
323,10,204,267,63,58,1,1,1
323,9,7,293,67,42,1,1,1
323,8,141,293,71,42,1,1,1
324,13,231,51,82,76,1,1,1
324,12,371,49,135,125,1,1,1
324,11,206,148,83,78,1,1,1
324,10,202,270,64,56,1,1,1
324,9,8,295,63,40,1,1,1
324,8,140,294,73,41,1,1,1
325,13,230,55,83,77,1,1,1
325,12,369,53,139,129,1,1,1
325,11,206,152,82,78,1,1,1
325,10,200,275,62,54,1,1,1
325,9,10,299,58,36,1,1,1
325,8,138,300,73,35,1,1,1
326,13,230,57,82,78,1,1,1
326,12,368,57,142,127,1,1,1
326,11,207,154,80,77,1,1,1
326,10,200,277,62,55,1,1,1
326,9,10,301,57,34,1,1,1
326,8,137,302,71,33,1,1,1
327,14,395,0,83,44,1,1,1
327,13,229,60,82,77,1,1,1
327,12,365,60,147,125,1,1,1
327,11,207,156,79,77,1,1,1
327,10,200,278,61,55,1,1,1
327,9,9,304,57,31,1,1,1
327,8,135,306,69,29,1,1,1
328,14,395,0,87,45,1,1,1
328,13,229,62,81,77,1,1,1
328,12,363,63,148,123,1,1,1
328,11,207,158,77,77,1,1,1
328,10,200,280,62,53,1,1,1
328,9,8,306,58,29,1,1,1
328,8,135,308,65,27,1,1,1
329,14,393,0,93,46,1,1,1
329,13,229,63,81,78,1,1,1
329,12,361,66,145,120,1,1,1
329,11,207,160,77,77,1,1,1
329,10,200,282,61,51,1,1,1
329,9,7,308,59,27,1,1,1
329,8,134,311,64,24,1,1,1
330,15,257,2,56,14,1,1,1
330,14,381,0,102,55,1,1,1
330,13,232,67,78,76,1,1,1
330,12,369,73,131,118,1,1,1
330,11,205,163,79,75,1,1,1
330,10,201,283,60,51,1,1,1
330,9,7,311,60,24,1,1,1
330,8,134,312,64,23,1,1,1
331,15,255,2,57,14,1,1,1
331,14,378,0,109,59,1,1,1
331,13,230,68,79,77,1,1,1
331,12,367,74,131,118,1,1,1
331,11,204,167,79,71,1,1,1
331,9,7,314,59,21,1,1,1
331,8,133,313,65,22,1,1,1
331,10,187,288,70,47,1,1,1
332,15,255,2,57,14,1,1,1
332,14,378,0,109,59,1,1,1
332,13,230,68,79,77,1,1,1
332,12,367,74,131,118,1,1,1
332,11,204,167,79,71,1,1,1
332,9,7,314,59,21,1,1,1
332,8,133,313,65,22,1,1,1
332,10,187,288,70,47,1,1,1
333,15,252,2,61,18,1,1,1
333,14,375,0,112,58,1,1,1
333,13,227,71,83,78,1,1,1
333,12,361,79,140,114,1,1,1
333,11,206,175,68,61,1,1,1
333,10,190,287,69,48,1,1,1
334,15,252,1,62,21,1,1,1
334,14,376,0,110,59,1,1,1
334,13,225,74,85,76,1,1,1
334,12,357,79,145,116,1,1,1
334,11,204,176,71,66,1,1,1
334,10,191,288,68,47,1,1,1
335,15,252,0,63,24,1,1,1
335,14,377,0,110,61,1,1,1
335,13,224,77,84,75,1,1,1
335,12,355,79,147,120,1,1,1
335,11,201,173,84,77,1,1,1
335,10,191,289,66,46,1,1,1
336,15,253,0,64,27,1,1,1
336,14,379,0,108,64,1,1,1
336,13,223,80,84,75,1,1,1
336,12,354,81,147,122,1,1,1
336,11,200,175,84,78,1,1,1
336,10,190,290,66,45,1,1,1
337,15,251,0,66,30,1,1,1
337,14,380,0,106,67,1,1,1
337,13,222,83,85,75,1,1,1
337,12,356,84,143,123,1,1,1
337,11,199,178,84,76,1,1,1
337,10,188,291,67,44,1,1,1
338,15,251,0,67,33,1,1,1
338,14,382,0,102,71,1,1,1
338,13,222,85,85,75,1,1,1
338,12,355,87,143,123,1,1,1
338,11,200,180,82,76,1,1,1
338,10,187,293,69,42,1,1,1
339,15,253,0,65,37,1,1,1
339,14,383,0,100,74,1,1,1
339,13,221,88,85,74,1,1,1
339,12,352,88,147,123,1,1,1
339,11,199,183,82,75,1,1,1
339,10,186,295,70,40,1,1,1
340,15,255,0,64,39,1,1,1
340,14,383,0,99,76,1,1,1
340,13,221,90,84,73,1,1,1
340,12,345,88,155,124,1,1,1
340,11,201,190,74,65,1,1,1
340,10,187,297,69,38,1,1,1
341,15,255,0,64,42,1,1,1
341,14,381,0,101,79,1,1,1
341,13,221,91,83,74,1,1,1
341,12,342,90,157,122,1,1,1
341,11,201,193,73,63,1,1,1
341,10,187,299,67,36,1,1,1
342,15,253,0,67,43,1,1,1
342,14,380,0,101,82,1,1,1
342,13,220,95,87,71,1,1,1
342,12,358,99,131,117,1,1,1
342,11,197,192,83,69,1,1,1
342,10,185,302,67,33,1,1,1
343,15,251,0,69,45,1,1,1
343,14,379,0,102,84,1,1,1
343,13,217,96,90,71,1,1,1
343,12,357,101,130,117,1,1,1
343,11,195,194,84,68,1,1,1
343,10,184,305,66,30,1,1,1
344,15,250,0,69,48,1,1,1
344,14,379,0,101,87,1,1,1
344,13,216,98,92,71,1,1,1
344,12,355,103,132,116,1,1,1
344,11,198,200,74,60,1,1,1
344,10,184,308,63,27,1,1,1
345,15,249,0,68,50,1,1,1
345,14,378,0,101,90,1,1,1
345,13,215,100,90,72,1,1,1
345,12,354,105,134,116,1,1,1
345,11,198,203,71,56,1,1,1
345,10,186,310,58,25,1,1,1
346,15,248,0,68,51,1,1,1
346,14,377,0,102,91,1,1,1
346,13,214,102,88,73,1,1,1
346,12,355,107,134,117,1,1,1
346,11,197,202,69,65,1,1,1
346,10,186,312,56,23,1,1,1
347,15,242,0,71,51,1,1,1
347,14,375,0,103,93,1,1,1
347,13,213,104,86,74,1,1,1
347,12,356,108,132,118,1,1,1
347,11,197,203,69,66,1,1,1
347,10,186,314,55,21,1,1,1
348,15,241,0,72,53,1,1,1
348,14,373,0,105,95,1,1,1
348,13,212,106,85,75,1,1,1
348,12,356,109,130,120,1,1,1
348,11,197,205,68,66,1,1,1
348,10,185,316,53,19,1,1,1
349,15,242,0,69,55,1,1,1
349,14,372,1,105,96,1,1,1
349,13,211,108,86,76,1,1,1
349,12,356,111,130,121,1,1,1
349,11,185,199,77,80,1,1,1
349,10,186,317,49,17,1,1,1
350,15,243,0,67,57,1,1,1
350,14,369,2,109,95,1,1,1
350,13,211,110,85,76,1,1,1
350,12,353,113,133,123,1,1,1
350,11,185,200,77,80,1,1,1
350,10,185,318,48,16,1,1,1
351,15,243,0,66,59,1,1,1
351,14,369,0,103,105,1,1,1
351,13,213,111,83,78,1,1,1
351,12,351,116,135,121,1,1,1
351,11,184,202,78,78,1,1,1
352,15,241,0,63,66,1,1,1
352,14,368,2,104,104,1,1,1
352,13,213,113,82,78,1,1,1
352,12,348,117,137,121,1,1,1
352,11,184,204,78,78,1,1,1
353,15,241,0,64,69,1,1,1
353,14,368,4,104,103,1,1,1
353,13,214,115,80,77,1,1,1
353,12,347,118,137,120,1,1,1
353,11,183,206,80,78,1,1,1
354,15,240,1,65,70,1,1,1
354,14,367,8,104,101,1,1,1
354,13,212,119,83,75,1,1,1
354,12,361,127,116,114,1,1,1
354,11,182,209,80,77,1,1,1
355,15,240,4,64,68,1,1,1
355,14,367,11,104,99,1,1,1
355,13,211,120,85,75,1,1,1
355,12,359,128,120,114,1,1,1
355,11,182,211,80,77,1,1,1
356,15,239,6,66,67,1,1,1
356,14,367,13,104,100,1,1,1
356,13,210,122,86,74,1,1,1
356,12,358,129,122,116,1,1,1
356,11,181,214,79,75,1,1,1
357,15,238,7,66,67,1,1,1
357,14,367,15,103,100,1,1,1
357,13,210,124,84,74,1,1,1
357,12,358,131,122,116,1,1,1
357,11,181,217,78,75,1,1,1
358,15,238,9,66,68,1,1,1
358,14,365,18,106,99,1,1,1
358,13,208,125,84,75,1,1,1
358,12,359,133,120,117,1,1,1
358,11,185,225,70,68,1,1,1
359,15,237,11,66,69,1,1,1
359,14,364,22,108,97,1,1,1
359,13,208,128,82,75,1,1,1
359,12,360,135,119,117,1,1,1
359,11,184,225,71,71,1,1,1
360,15,237,13,64,69,1,1,1
360,14,362,24,110,98,1,1,1
360,13,207,131,82,75,1,1,1
360,12,359,138,120,116,1,1,1
360,11,182,226,72,72,1,1,1
361,15,237,15,62,69,1,1,1
361,14,361,25,110,99,1,1,1
361,13,206,133,81,75,1,1,1
361,12,360,142,119,114,1,1,1
361,11,177,225,76,76,1,1,1
362,15,237,16,59,68,1,1,1
362,14,360,25,110,101,1,1,1
362,13,204,135,82,75,1,1,1
362,12,333,135,148,125,1,1,1
362,11,176,227,76,76,1,1,1
363,15,236,18,62,71,1,1,1
363,14,368,25,97,107,1,1,1
363,13,203,136,82,76,1,1,1
363,12,330,136,153,125,1,1,1
363,11,178,232,75,70,1,1,1
364,15,234,21,63,69,1,1,1
364,14,367,26,98,107,1,1,1
364,13,202,139,83,75,1,1,1
364,12,327,136,155,128,1,1,1
364,11,176,235,77,68,1,1,1
365,15,233,23,65,70,1,1,1
365,14,365,28,101,106,1,1,1
365,13,201,141,83,74,1,1,1
365,12,322,136,161,132,1,1,1
365,11,175,238,77,67,1,1,1
366,15,232,25,67,70,1,1,1
366,14,363,30,105,105,1,1,1
366,13,201,142,81,74,1,1,1
366,12,340,147,131,125,1,1,1
366,11,174,241,79,66,1,1,1
367,15,231,26,68,71,1,1,1
367,14,362,33,106,103,1,1,1
367,13,198,145,87,77,1,1,1
367,12,339,148,132,126,1,1,1
367,11,174,243,78,67,1,1,1
368,15,230,28,68,70,1,1,1
368,14,362,37,106,101,1,1,1
368,13,197,146,87,76,1,1,1
368,12,338,150,132,125,1,1,1
368,11,173,242,81,71,1,1,1
369,16,391,0,65,22,1,1,1
369,15,230,32,68,68,1,1,1
369,14,363,40,104,99,1,1,1
369,13,197,149,86,74,1,1,1
369,12,338,152,132,123,1,1,1
369,11,174,246,77,68,1,1,1
370,16,391,0,65,22,1,1,1
370,15,230,32,68,68,1,1,1
370,14,363,40,104,99,1,1,1
370,13,197,149,86,74,1,1,1
370,12,338,152,132,123,1,1,1
370,11,174,246,77,68,1,1,1
371,16,394,0,65,29,1,1,1
371,15,229,36,66,68,1,1,1
371,14,359,45,100,97,1,1,1
371,13,197,155,85,71,1,1,1
371,12,336,155,135,126,1,1,1
371,11,177,249,73,67,1,1,1
372,16,394,0,65,31,1,1,1
372,15,229,37,65,70,1,1,1
372,14,358,47,100,98,1,1,1
372,13,196,158,86,71,1,1,1
372,12,335,158,136,125,1,1,1
372,11,174,254,76,64,1,1,1
373,16,394,0,65,33,1,1,1
373,15,229,39,64,71,1,1,1
373,14,357,48,102,101,1,1,1
373,13,195,160,86,71,1,1,1
373,12,333,161,137,124,1,1,1
373,11,173,257,77,62,1,1,1
374,16,393,0,65,36,1,1,1
374,15,229,40,62,72,1,1,1
374,14,357,49,102,102,1,1,1
374,13,194,161,87,71,1,1,1
374,12,330,162,141,125,1,1,1
374,11,170,259,80,62,1,1,1
375,17,229,0,49,14,1,1,1
375,16,392,0,65,38,1,1,1
375,15,227,44,63,70,1,1,1
375,14,357,50,102,102,1,1,1
375,13,195,163,85,71,1,1,1
375,12,325,164,147,124,1,1,1
375,11,169,261,81,62,1,1,1
376,17,233,0,48,16,1,1,1
376,16,391,0,65,40,1,1,1
376,15,225,45,65,70,1,1,1
376,14,357,54,100,103,1,1,1
376,13,196,165,83,71,1,1,1
376,12,323,166,149,122,1,1,1
376,11,168,262,82,63,1,1,1
377,17,236,0,48,19,1,1,1
377,16,392,0,64,42,1,1,1
377,15,223,48,67,68,1,1,1
377,14,357,56,99,102,1,1,1
377,13,196,167,82,72,1,1,1
377,12,321,168,151,121,1,1,1
377,11,168,262,81,64,1,1,1
378,17,236,0,51,20,1,1,1
378,16,392,0,63,44,1,1,1
378,15,222,49,68,69,1,1,1
378,14,357,58,99,102,1,1,1
378,13,197,168,79,73,1,1,1
378,12,321,169,150,121,1,1,1
378,11,168,264,80,65,1,1,1
379,17,237,0,53,21,1,1,1
379,16,390,0,65,46,1,1,1
379,15,221,51,67,68,1,1,1
379,14,356,60,100,102,1,1,1
379,13,194,171,80,76,1,1,1
379,12,334,176,132,119,1,1,1
379,11,168,265,80,65,1,1,1
380,17,237,0,53,21,1,1,1
380,16,390,0,65,46,1,1,1
380,15,221,51,67,68,1,1,1
380,14,356,60,100,102,1,1,1
380,13,194,171,80,76,1,1,1
380,12,334,176,132,119,1,1,1
380,11,168,265,80,65,1,1,1
381,17,234,0,57,23,1,1,1
381,16,386,0,69,49,1,1,1
381,15,222,55,63,68,1,1,1
381,14,355,65,99,99,1,1,1
381,13,195,174,78,75,1,1,1
381,12,331,178,133,120,1,1,1
381,11,167,270,81,63,1,1,1
382,17,234,0,57,23,1,1,1
382,16,386,0,69,49,1,1,1
382,15,222,55,63,68,1,1,1
382,14,355,65,99,99,1,1,1
382,13,195,174,78,75,1,1,1
382,12,331,178,133,120,1,1,1
382,11,167,270,81,63,1,1,1
383,17,229,0,66,28,1,1,1
383,16,380,0,77,55,1,1,1
383,15,222,60,62,69,1,1,1
383,14,353,69,99,99,1,1,1
383,13,196,177,76,73,1,1,1
383,12,328,182,139,121,1,1,1
383,11,169,276,77,59,1,1,1
384,17,226,0,70,30,1,1,1
384,16,380,0,76,56,1,1,1
384,15,222,64,63,67,1,1,1
384,14,352,71,100,101,1,1,1
384,13,196,179,77,73,1,1,1
384,12,326,185,141,122,1,1,1
384,11,170,279,76,56,1,1,1
385,17,222,0,75,32,1,1,1
385,16,380,0,76,57,1,1,1
385,15,222,66,63,68,1,1,1
385,14,352,73,102,102,1,1,1
385,13,195,182,78,74,1,1,1
385,12,326,188,139,122,1,1,1
385,11,171,281,76,54,1,1,1
386,17,219,0,79,35,1,1,1
386,16,382,0,73,58,1,1,1
386,15,223,67,61,69,1,1,1
386,14,352,76,102,101,1,1,1
386,13,194,184,79,74,1,1,1
386,12,324,192,140,119,1,1,1
386,11,172,283,76,51,1,1,1
387,17,217,0,82,37,1,1,1
387,16,383,0,71,60,1,1,1
387,15,219,72,62,64,1,1,1
387,14,353,78,100,99,1,1,1
387,13,194,185,79,75,1,1,1
387,12,322,194,142,119,1,1,1
387,11,164,286,81,49,1,1,1
388,17,218,0,83,39,1,1,1
388,16,377,0,79,70,1,1,1
388,15,217,73,66,64,1,1,1
388,14,350,81,101,101,1,1,1
388,13,194,187,79,74,1,1,1
388,12,320,196,145,117,1,1,1
388,11,163,287,81,48,1,1,1
389,17,218,0,84,41,1,1,1
389,16,377,0,78,72,1,1,1
389,15,215,75,67,64,1,1,1
389,14,350,84,101,97,1,1,1
389,13,187,188,75,79,1,1,1
389,12,318,198,145,115,1,1,1
389,11,162,289,80,46,1,1,1
390,17,217,0,86,43,1,1,1
390,16,376,0,78,73,1,1,1
390,15,212,77,69,64,1,1,1
390,14,350,86,100,96,1,1,1
390,13,187,190,74,78,1,1,1
390,12,326,204,132,113,1,1,1
390,11,161,290,78,45,1,1,1
391,17,217,0,84,45,1,1,1
391,16,377,0,76,75,1,1,1
391,15,210,78,69,65,1,1,1
391,14,348,89,102,94,1,1,1
391,13,187,192,74,77,1,1,1
391,12,325,204,130,114,1,1,1
391,11,161,291,76,44,1,1,1
392,17,218,0,80,47,1,1,1
392,16,378,2,73,69,1,1,1
392,15,210,79,67,66,1,1,1
392,14,346,90,102,96,1,1,1
392,13,187,201,76,69,1,1,1
392,12,323,206,129,113,1,1,1
392,11,161,292,75,43,1,1,1
393,17,220,0,76,49,1,1,1
393,16,377,4,74,68,1,1,1
393,15,209,81,66,67,1,1,1
393,14,344,92,103,96,1,1,1
393,13,186,202,76,69,1,1,1
393,12,321,208,131,111,1,1,1
393,11,160,293,77,42,1,1,1
394,17,220,0,76,51,1,1,1
394,16,377,6,74,67,1,1,1
394,15,209,83,65,67,1,1,1
394,14,343,94,103,97,1,1,1
394,13,182,200,81,73,1,1,1
394,12,316,210,136,110,1,1,1
394,11,158,294,82,41,1,1,1
395,17,219,0,79,53,1,1,1
395,16,374,9,73,70,1,1,1
395,15,208,86,65,67,1,1,1
395,14,342,96,104,96,1,1,1
395,13,180,201,82,74,1,1,1
395,12,312,210,139,113,1,1,1
395,11,156,296,85,39,1,1,1
396,17,217,0,83,55,1,1,1
396,16,373,11,74,70,1,1,1
396,15,207,88,67,68,1,1,1
396,14,340,98,105,97,1,1,1
396,13,180,203,82,74,1,1,1
396,12,309,210,140,117,1,1,1
396,11,156,298,85,37,1,1,1
397,17,205,1,94,52,1,1,1
397,16,373,13,73,70,1,1,1
397,15,206,90,68,68,1,1,1
397,14,338,101,107,97,1,1,1
397,13,180,205,80,73,1,1,1
397,12,308,212,139,119,1,1,1
397,11,155,300,83,35,1,1,1
398,17,210,0,93,60,1,1,1
398,16,373,14,71,70,1,1,1
398,15,206,92,68,68,1,1,1
398,14,336,103,108,96,1,1,1
398,13,178,206,81,74,1,1,1
398,12,309,214,136,119,1,1,1
398,11,156,302,80,33,1,1,1
399,17,208,0,91,62,1,1,1
399,16,372,16,70,69,1,1,1
399,15,206,93,67,68,1,1,1
399,14,335,105,107,95,1,1,1
399,13,176,207,82,76,1,1,1
399,12,309,217,135,117,1,1,1
399,11,156,304,79,31,1,1,1
400,17,206,0,91,64,1,1,1
400,16,366,15,73,78,1,1,1
400,15,206,94,66,67,1,1,1
400,14,336,106,102,94,1,1,1
400,13,174,208,84,77,1,1,1
400,12,306,219,138,116,1,1,1
400,11,156,307,78,28,1,1,1
401,17,205,0,89,66,1,1,1
401,16,365,17,73,78,1,1,1
401,15,206,99,65,64,1,1,1
401,14,334,108,102,98,1,1,1
401,13,173,210,84,77,1,1,1
401,12,303,221,141,114,1,1,1
401,11,155,310,79,25,1,1,1
402,17,205,0,88,68,1,1,1
402,16,364,18,73,80,1,1,1
402,15,205,101,66,65,1,1,1
402,14,333,109,103,99,1,1,1
402,13,172,213,84,76,1,1,1
402,12,300,221,146,114,1,1,1
402,11,156,312,78,23,1,1,1
403,17,206,0,85,70,1,1,1
403,16,370,24,63,69,1,1,1
403,15,204,102,66,67,1,1,1
403,14,332,110,105,101,1,1,1
403,13,172,216,82,75,1,1,1
403,12,299,223,145,112,1,1,1
403,11,156,314,79,21,1,1,1
404,17,206,0,83,73,1,1,1
404,16,369,26,62,68,1,1,1
404,15,202,104,67,68,1,1,1
404,14,331,112,106,101,1,1,1
404,13,173,218,80,75,1,1,1
404,12,299,225,143,110,1,1,1
404,11,155,315,80,20,1,1,1
405,17,205,0,82,75,1,1,1
405,16,368,29,62,67,1,1,1
405,15,201,105,65,68,1,1,1
405,14,331,114,105,100,1,1,1
405,13,173,219,78,75,1,1,1
405,12,300,226,139,109,1,1,1
405,11,153,316,81,19,1,1,1
406,17,205,0,80,76,1,1,1
406,16,365,31,65,67,1,1,1
406,15,201,107,64,68,1,1,1
406,14,331,116,103,99,1,1,1
406,13,171,224,83,71,1,1,1
406,12,302,228,135,107,1,1,1
406,11,153,318,79,17,1,1,1
407,17,204,2,80,76,1,1,1
407,16,363,32,67,68,1,1,1
407,15,200,110,64,67,1,1,1
407,14,328,119,105,98,1,1,1
407,13,169,225,84,72,1,1,1
407,12,312,240,121,95,1,1,1
407,11,154,319,76,16,1,1,1
408,17,201,4,82,76,1,1,1
408,16,355,30,75,76,1,1,1
408,15,199,112,66,66,1,1,1
408,14,325,122,108,97,1,1,1
408,13,166,226,86,72,1,1,1
408,12,313,242,120,93,1,1,1
408,11,157,322,71,12,1,1,1
409,17,199,6,83,76,1,1,1
409,16,354,32,76,76,1,1,1
409,15,198,113,67,67,1,1,1
409,14,323,126,110,96,1,1,1
409,13,166,227,85,72,1,1,1
409,12,315,243,117,92,1,1,1
410,17,198,8,84,75,1,1,1
410,16,353,35,77,74,1,1,1
410,15,196,115,69,67,1,1,1
410,14,322,129,110,95,1,1,1
410,13,167,228,83,73,1,1,1
410,12,315,242,117,93,1,1,1
411,17,198,9,83,76,1,1,1
411,16,358,42,72,67,1,1,1
411,15,195,120,63,64,1,1,1
411,14,321,129,109,98,1,1,1
411,13,169,229,81,74,1,1,1
411,12,315,243,115,92,1,1,1
412,17,196,11,84,76,1,1,1
412,16,358,43,71,67,1,1,1
412,15,196,121,62,65,1,1,1
412,14,320,130,109,98,1,1,1
412,13,169,229,81,76,1,1,1
412,12,315,246,114,89,1,1,1
413,17,193,17,89,74,1,1,1
413,16,356,46,66,66,1,1,1
413,15,194,125,61,62,1,1,1
413,14,322,130,102,104,1,1,1
413,13,169,231,80,77,1,1,1
413,12,298,241,130,94,1,1,1
414,17,192,19,90,73,1,1,1
414,16,350,42,74,78,1,1,1
414,15,194,125,62,64,1,1,1
414,14,321,132,103,103,1,1,1
414,13,167,233,81,77,1,1,1
414,12,296,242,132,93,1,1,1
415,18,364,0,64,18,1,1,1
415,17,190,22,92,71,1,1,1
415,16,351,43,73,79,1,1,1
415,15,193,127,63,64,1,1,1
415,14,320,134,105,102,1,1,1
415,13,165,237,82,76,1,1,1
415,12,295,244,133,91,1,1,1
416,18,366,0,64,20,1,1,1
416,17,190,23,91,72,1,1,1
416,16,359,49,64,70,1,1,1
416,15,192,128,64,65,1,1,1
416,14,320,136,106,101,1,1,1
416,13,163,240,84,75,1,1,1
416,12,293,246,134,89,1,1,1
417,18,367,0,66,22,1,1,1
417,17,191,23,88,74,1,1,1
417,16,359,51,64,71,1,1,1
417,15,191,130,65,65,1,1,1
417,14,320,138,105,100,1,1,1
417,13,161,243,84,74,1,1,1
417,12,292,249,136,86,1,1,1
418,18,366,0,68,23,1,1,1
418,17,193,25,83,74,1,1,1
418,16,358,53,64,70,1,1,1
418,15,190,132,65,65,1,1,1
418,14,319,140,105,100,1,1,1
418,13,161,244,82,75,1,1,1
418,12,288,252,142,83,1,1,1
419,18,366,0,69,24,1,1,1
419,17,194,27,80,75,1,1,1
419,16,356,55,65,70,1,1,1
419,15,190,135,63,64,1,1,1
419,14,318,144,105,98,1,1,1
419,13,160,246,81,73,1,1,1
419,12,286,254,143,81,1,1,1
420,18,365,0,69,25,1,1,1
420,17,194,29,80,76,1,1,1
420,16,346,52,76,79,1,1,1
420,15,189,137,64,64,1,1,1
420,14,317,148,105,96,1,1,1
420,13,162,252,84,69,1,1,1
420,12,284,257,143,78,1,1,1
421,18,365,0,70,27,1,1,1
421,17,193,31,81,76,1,1,1
421,16,344,55,77,78,1,1,1
421,15,188,139,64,64,1,1,1
421,14,315,152,107,94,1,1,1
421,13,160,254,85,68,1,1,1
421,12,285,261,139,74,1,1,1
422,18,364,0,72,31,1,1,1
422,17,192,33,82,75,1,1,1
422,16,343,57,77,78,1,1,1
422,15,186,140,64,66,1,1,1
422,14,316,154,105,94,1,1,1
422,13,157,255,88,68,1,1,1
422,12,285,263,136,72,1,1,1
423,18,361,0,76,34,1,1,1
423,17,191,35,82,75,1,1,1
423,16,341,60,78,78,1,1,1
423,15,186,141,63,68,1,1,1
423,14,315,156,107,93,1,1,1
423,13,156,257,87,67,1,1,1
423,12,284,265,136,70,1,1,1
424,18,357,0,81,37,1,1,1
424,17,187,35,77,78,1,1,1
424,16,341,61,76,78,1,1,1
424,15,186,143,62,69,1,1,1
424,14,314,156,100,95,1,1,1
424,13,155,259,87,66,1,1,1
424,12,283,266,138,69,1,1,1
425,18,354,0,83,40,1,1,1
425,17,187,38,77,75,1,1,1
425,16,347,69,64,71,1,1,1
425,15,186,145,60,68,1,1,1
425,14,313,157,101,96,1,1,1
425,13,155,261,84,66,1,1,1
425,12,282,267,138,67,1,1,1
426,18,353,0,84,42,1,1,1
426,17,188,41,76,78,1,1,1
426,16,347,70,64,71,1,1,1
426,15,182,148,61,67,1,1,1
426,14,313,156,98,103,1,1,1
426,13,154,263,84,66,1,1,1
426,12,283,268,134,65,1,1,1
427,18,354,0,84,45,1,1,1
427,17,187,41,76,80,1,1,1
427,16,341,68,71,80,1,1,1
427,15,181,149,63,67,1,1,1
427,14,312,158,98,102,1,1,1
427,13,153,264,85,66,1,1,1
427,12,283,270,131,63,1,1,1
428,18,354,0,85,46,1,1,1
428,17,186,41,77,82,1,1,1
428,16,341,69,72,81,1,1,1
428,15,180,150,64,68,1,1,1
428,14,312,160,98,102,1,1,1
428,13,151,266,86,65,1,1,1
428,12,286,272,126,61,1,1,1
429,18,355,0,82,48,1,1,1
429,17,185,43,78,83,1,1,1
429,16,340,71,73,81,1,1,1
429,15,178,151,64,69,1,1,1
429,14,311,163,99,101,1,1,1
429,13,149,267,88,65,1,1,1
429,12,289,273,121,60,1,1,1
430,18,355,0,80,49,1,1,1
430,17,183,45,79,83,1,1,1
430,16,340,73,74,80,1,1,1
430,15,178,152,63,69,1,1,1
430,14,310,166,100,99,1,1,1
430,13,149,269,87,63,1,1,1
430,12,291,273,117,60,1,1,1
431,19,205,1,60,13,1,1,1
431,18,353,0,80,50,1,1,1
431,17,182,47,79,82,1,1,1
431,16,338,76,76,78,1,1,1
431,15,177,154,63,69,1,1,1
431,14,309,170,100,96,1,1,1
431,13,151,273,79,62,1,1,1
431,12,291,273,116,60,1,1,1
432,19,203,1,61,15,1,1,1
432,18,351,0,82,52,1,1,1
432,17,180,50,80,81,1,1,1
432,16,337,79,76,77,1,1,1
432,15,177,156,62,69,1,1,1
432,14,307,172,101,95,1,1,1
432,13,150,275,79,60,1,1,1
433,19,203,2,62,16,1,1,1
433,18,349,0,83,53,1,1,1
433,17,179,52,80,81,1,1,1
433,16,336,81,76,77,1,1,1
433,15,176,159,62,69,1,1,1
433,14,304,174,103,94,1,1,1
433,13,149,277,79,58,1,1,1
434,19,202,2,64,18,1,1,1
434,18,341,0,90,56,1,1,1
434,17,177,55,82,80,1,1,1
434,16,334,83,76,77,1,1,1
434,15,174,161,63,69,1,1,1
434,14,301,175,105,95,1,1,1
434,13,148,278,80,57,1,1,1
435,19,200,1,68,20,1,1,1
435,18,343,0,88,58,1,1,1
435,17,177,56,82,81,1,1,1
435,16,334,85,75,77,1,1,1
435,15,173,164,64,68,1,1,1
435,14,300,177,105,97,1,1,1
435,13,147,279,82,56,1,1,1
436,19,199,1,70,21,1,1,1
436,18,346,0,86,62,1,1,1
436,17,177,58,81,80,1,1,1
436,16,334,87,74,77,1,1,1
436,15,172,167,65,67,1,1,1
436,14,301,179,104,97,1,1,1
436,13,149,280,80,54,1,1,1
437,19,200,1,68,23,1,1,1
437,18,347,0,83,64,1,1,1
437,17,178,60,79,80,1,1,1
437,16,334,89,72,76,1,1,1
437,15,172,169,66,68,1,1,1
437,14,303,181,101,97,1,1,1
437,13,145,285,81,50,1,1,1
438,19,188,1,71,30,1,1,1
438,18,346,0,82,66,1,1,1
438,17,179,65,79,79,1,1,1
438,16,333,93,72,77,1,1,1
438,15,171,171,67,68,1,1,1
438,14,304,183,98,95,1,1,1
438,13,145,287,81,48,1,1,1
439,19,188,1,71,32,1,1,1
439,18,346,0,80,68,1,1,1
439,17,178,66,80,80,1,1,1
439,16,333,96,71,74,1,1,1
439,15,172,172,65,67,1,1,1
439,14,300,184,99,100,1,1,1
439,13,146,289,79,46,1,1,1
440,19,188,1,71,34,1,1,1
440,18,344,0,81,71,1,1,1
440,17,176,68,83,78,1,1,1
440,16,333,100,71,68,1,1,1
440,15,169,176,63,65,1,1,1
440,14,301,187,98,97,1,1,1
440,13,146,292,80,43,1,1,1
441,19,188,1,71,34,1,1,1
441,18,344,0,81,71,1,1,1
441,17,176,68,83,78,1,1,1
441,16,333,100,71,68,1,1,1
441,15,169,176,63,65,1,1,1
441,14,301,187,98,97,1,1,1
441,13,146,292,80,43,1,1,1
442,19,187,2,74,38,1,1,1
442,18,340,1,82,75,1,1,1
442,17,172,72,83,77,1,1,1
442,16,331,104,67,71,1,1,1
442,15,167,180,64,65,1,1,1
442,14,297,192,103,95,1,1,1
442,13,143,295,86,40,1,1,1
443,19,188,1,71,41,1,1,1
443,18,339,1,81,76,1,1,1
443,17,170,75,83,77,1,1,1
443,16,330,107,67,69,1,1,1
443,15,166,182,65,65,1,1,1
443,14,294,194,106,95,1,1,1
443,13,132,301,91,34,1,1,1
444,19,189,0,68,43,1,1,1
444,18,338,3,81,76,1,1,1
444,17,169,77,83,78,1,1,1
444,16,328,109,69,67,1,1,1
444,15,164,184,65,65,1,1,1
444,14,292,197,106,94,1,1,1
444,13,130,301,93,33,1,1,1
445,19,190,0,66,45,1,1,1
445,18,337,4,81,76,1,1,1
445,17,168,79,83,78,1,1,1
445,16,328,111,69,66,1,1,1
445,15,163,185,65,66,1,1,1
445,14,290,198,107,94,1,1,1
445,13,129,302,93,32,1,1,1
446,19,189,0,66,46,1,1,1
446,18,336,5,82,76,1,1,1
446,17,167,81,84,77,1,1,1
446,16,327,113,69,66,1,1,1
446,15,163,187,64,66,1,1,1
446,14,288,200,109,94,1,1,1
446,13,129,303,90,30,1,1,1
447,19,187,0,67,48,1,1,1
447,18,335,7,82,77,1,1,1
447,17,167,83,82,77,1,1,1
447,16,327,116,69,66,1,1,1
447,15,162,190,65,64,1,1,1
447,14,287,201,110,95,1,1,1
447,13,130,304,88,29,1,1,1
448,19,187,0,67,49,1,1,1
448,18,334,8,82,78,1,1,1
448,17,167,85,82,77,1,1,1
448,16,326,118,70,67,1,1,1
448,15,160,192,67,64,1,1,1
448,14,287,204,109,95,1,1,1
448,13,130,305,87,28,1,1,1
449,19,187,0,65,49,1,1,1
449,18,332,10,83,77,1,1,1
449,20,573,51,20,78,1,1,1
449,17,166,87,81,77,1,1,1
449,16,326,120,69,67,1,1,1
449,15,159,194,68,64,1,1,1
449,14,287,206,107,94,1,1,1
449,13,131,307,84,25,1,1,1
450,19,185,1,70,54,1,1,1
450,18,336,14,73,77,1,1,1
450,20,571,52,23,82,1,1,1
450,17,164,89,80,76,1,1,1
450,16,316,120,74,73,1,1,1
450,15,157,196,69,64,1,1,1
450,14,286,208,106,94,1,1,1
450,13,134,309,80,23,1,1,1
451,19,183,1,71,55,1,1,1
451,18,335,15,74,77,1,1,1
451,20,570,53,25,83,1,1,1
451,17,161,92,88,77,1,1,1
451,16,322,123,65,68,1,1,1
451,15,156,198,68,64,1,1,1
451,14,285,210,106,93,1,1,1
451,13,136,310,79,21,1,1,1
452,19,181,2,72,56,1,1,1
452,18,334,17,74,77,1,1,1
452,20,570,54,25,83,1,1,1
452,17,158,94,90,76,1,1,1
452,16,321,125,64,68,1,1,1
452,15,155,199,67,64,1,1,1
452,14,285,216,103,87,1,1,1
452,13,137,310,79,21,1,1,1
453,19,181,2,72,56,1,1,1
453,18,334,17,74,77,1,1,1
453,20,570,54,25,83,1,1,1
453,17,158,94,90,76,1,1,1
453,16,321,125,64,68,1,1,1
453,15,155,199,67,64,1,1,1
453,14,285,216,103,87,1,1,1
453,13,137,310,79,21,1,1,1
454,19,179,5,73,58,1,1,1
454,18,330,21,79,76,1,1,1
454,20,569,58,26,82,1,1,1
454,17,154,97,90,76,1,1,1
454,16,321,130,63,66,1,1,1
454,15,156,203,63,64,1,1,1
454,14,282,219,106,85,1,1,1
454,13,139,311,73,20,1,1,1
455,21,51,0,69,39,1,1,1
455,19,179,6,71,59,1,1,1
455,18,329,23,80,76,1,1,1
455,20,570,66,25,79,1,1,1
455,17,153,99,89,76,1,1,1
455,16,320,132,64,65,1,1,1
455,15,155,205,65,65,1,1,1
455,14,281,221,107,84,1,1,1
455,13,140,311,69,20,1,1,1
456,21,49,0,73,42,1,1,1
456,19,179,7,69,60,1,1,1
456,18,329,25,79,77,1,1,1
456,20,569,67,26,78,1,1,1
456,17,152,101,88,76,1,1,1
456,16,319,134,65,65,1,1,1
456,15,153,206,67,67,1,1,1
456,14,280,222,107,85,1,1,1
456,13,140,313,65,18,1,1,1
457,21,47,0,75,44,1,1,1
457,19,179,10,67,59,1,1,1
457,18,329,27,78,77,1,1,1
457,20,568,68,27,77,1,1,1
457,17,151,104,87,75,1,1,1
457,16,317,137,67,64,1,1,1
457,15,153,208,66,67,1,1,1
457,14,280,224,106,86,1,1,1
457,13,140,315,62,17,1,1,1
458,21,46,0,75,46,1,1,1
458,19,177,12,67,61,1,1,1
458,18,329,29,78,78,1,1,1
458,20,567,71,28,75,1,1,1
458,17,150,106,87,75,1,1,1
458,16,314,139,69,64,1,1,1
458,15,153,210,65,67,1,1,1
458,14,279,225,106,87,1,1,1
458,13,140,317,58,15,1,1,1
459,21,45,0,73,47,1,1,1
459,19,175,15,68,60,1,1,1
459,18,323,30,81,81,1,1,1
459,20,566,74,29,74,1,1,1
459,17,149,109,87,74,1,1,1
459,16,312,141,72,64,1,1,1
459,15,154,212,64,67,1,1,1
459,14,278,228,107,85,1,1,1
460,21,43,0,75,54,1,1,1
460,19,175,18,67,59,1,1,1
460,18,322,31,82,82,1,1,1
460,20,566,76,29,74,1,1,1
460,17,148,111,87,74,1,1,1
460,16,311,144,73,63,1,1,1
460,15,153,214,65,66,1,1,1
460,14,276,230,109,86,1,1,1
461,21,40,0,80,56,1,1,1
461,19,176,20,65,58,1,1,1
461,18,320,33,83,82,1,1,1
461,20,565,78,30,75,1,1,1
461,17,147,112,87,76,1,1,1
461,16,310,146,74,64,1,1,1
461,15,149,218,63,65,1,1,1
461,14,276,234,109,84,1,1,1
462,21,40,0,78,57,1,1,1
462,19,177,21,62,58,1,1,1
462,18,320,34,82,82,1,1,1
462,20,564,81,31,74,1,1,1
462,17,146,114,86,75,1,1,1
462,16,310,146,72,66,1,1,1
462,15,149,220,63,65,1,1,1
462,14,275,236,107,85,1,1,1
463,22,361,0,52,21,1,1,1
463,21,40,0,76,59,1,1,1
463,19,178,21,60,59,1,1,1
463,18,319,41,81,77,1,1,1
463,20,564,83,31,74,1,1,1
463,17,144,115,87,76,1,1,1
463,16,307,149,68,67,1,1,1
463,15,150,222,62,64,1,1,1
463,14,274,238,106,85,1,1,1
464,22,359,0,53,23,1,1,1
464,21,41,0,73,62,1,1,1
464,19,172,28,66,53,1,1,1
464,18,319,42,80,78,1,1,1
464,20,562,85,33,75,1,1,1
464,17,147,119,87,78,1,1,1
464,16,309,149,64,69,1,1,1
464,15,150,224,61,63,1,1,1
464,14,273,239,106,85,1,1,1
465,22,357,0,55,24,1,1,1
465,21,41,0,72,65,1,1,1
465,19,170,29,66,54,1,1,1
465,18,318,44,81,77,1,1,1
465,20,559,87,36,76,1,1,1
465,17,146,121,88,78,1,1,1
465,16,310,150,63,71,1,1,1
465,15,150,225,60,63,1,1,1
465,14,272,240,106,85,1,1,1
466,22,357,0,55,25,1,1,1
466,21,33,0,79,73,1,1,1
466,19,169,30,66,55,1,1,1
466,18,317,46,81,78,1,1,1
466,20,556,88,39,76,1,1,1
466,17,146,123,86,76,1,1,1
466,16,311,152,62,70,1,1,1
466,15,150,227,56,65,1,1,1
466,14,278,240,96,92,1,1,1
467,22,357,0,55,25,1,1,1
467,21,32,0,78,75,1,1,1
467,19,167,31,66,57,1,1,1
467,18,316,48,81,79,1,1,1
467,20,557,100,38,62,1,1,1
467,17,147,124,84,75,1,1,1
467,16,312,154,61,70,1,1,1
467,15,148,227,57,67,1,1,1
467,14,276,241,98,91,1,1,1
468,22,357,0,55,25,1,1,1
468,21,32,0,78,75,1,1,1
468,19,167,31,66,57,1,1,1
468,18,316,48,81,79,1,1,1
468,20,557,100,38,62,1,1,1
468,17,147,124,84,75,1,1,1
468,16,312,154,61,70,1,1,1
468,15,148,227,57,67,1,1,1
468,14,276,241,98,91,1,1,1
469,22,357,0,55,25,1,1,1
469,21,34,0,74,82,1,1,1
469,19,166,35,63,59,1,1,1
469,18,315,51,81,80,1,1,1
469,20,555,102,38,62,1,1,1
469,17,146,129,83,73,1,1,1
469,16,310,158,63,69,1,1,1
469,15,144,231,60,67,1,1,1
469,14,276,246,99,86,1,1,1
470,22,357,0,55,25,1,1,1
470,21,35,0,73,84,1,1,1
470,19,165,37,62,60,1,1,1
470,18,314,52,82,80,1,1,1
470,20,555,103,38,63,1,1,1
470,17,145,131,83,74,1,1,1
470,16,306,161,66,67,1,1,1
470,15,143,233,61,67,1,1,1
470,14,276,248,99,84,1,1,1
471,22,353,0,63,33,1,1,1
471,21,35,0,72,86,1,1,1
471,19,165,39,62,60,1,1,1
471,18,312,54,84,80,1,1,1
471,20,554,104,40,64,1,1,1
471,17,145,133,82,75,1,1,1
471,16,303,163,68,67,1,1,1
471,15,141,234,64,67,1,1,1
471,14,275,251,99,81,1,1,1
472,22,352,0,66,36,1,1,1
472,21,34,0,73,87,1,1,1
472,19,164,41,64,60,1,1,1
472,18,310,56,85,81,1,1,1
472,20,553,105,41,66,1,1,1
472,17,144,135,83,75,1,1,1
472,16,302,165,69,67,1,1,1
472,15,141,236,63,67,1,1,1
472,14,270,251,95,82,1,1,1
473,22,348,0,71,39,1,1,1
473,21,34,0,72,88,1,1,1
473,19,162,44,66,59,1,1,1
473,18,309,58,84,81,1,1,1
473,20,553,105,42,69,1,1,1
473,17,140,133,78,81,1,1,1
473,16,301,168,69,66,1,1,1
473,15,141,239,63,65,1,1,1
473,14,269,253,96,79,1,1,1
474,22,346,0,74,41,1,1,1
474,21,34,0,70,89,1,1,1
474,19,161,46,66,59,1,1,1
474,18,308,61,82,80,1,1,1
474,20,551,105,44,72,1,1,1
474,17,139,137,78,78,1,1,1
474,16,300,169,68,68,1,1,1
474,15,141,242,61,64,1,1,1
474,14,268,255,96,77,1,1,1
475,22,345,0,77,43,1,1,1
475,21,33,0,69,91,1,1,1
475,19,161,46,66,60,1,1,1
475,18,306,67,83,76,1,1,1
475,20,549,105,46,74,1,1,1
475,17,139,140,77,76,1,1,1
475,16,300,170,65,69,1,1,1
475,15,141,244,60,64,1,1,1
475,14,268,256,95,76,1,1,1
476,22,345,0,80,45,1,1,1
476,21,31,1,69,92,1,1,1
476,19,158,53,69,53,1,1,1
476,18,306,67,83,76,1,1,1
476,20,549,105,46,74,1,1,1
476,17,139,140,77,76,1,1,1
476,16,300,170,65,69,1,1,1
476,15,141,244,60,64,1,1,1
476,14,268,256,95,76,1,1,1
477,22,345,0,80,45,1,1,1
477,21,31,1,69,92,1,1,1
477,19,158,53,69,53,1,1,1
477,18,305,68,84,76,1,1,1
477,20,548,106,46,76,1,1,1
477,17,143,143,72,79,1,1,1
477,16,295,172,66,72,1,1,1
477,15,141,247,60,63,1,1,1
477,14,268,257,94,77,1,1,1
478,22,344,0,85,47,1,1,1
478,21,31,3,69,91,1,1,1
478,19,157,53,70,55,1,1,1
478,18,304,69,85,77,1,1,1
478,20,546,105,49,78,1,1,1
478,17,141,144,74,80,1,1,1
478,16,295,175,66,70,1,1,1
478,15,140,249,60,64,1,1,1
478,14,268,259,94,76,1,1,1
479,22,338,4,81,47,1,1,1
479,21,25,5,73,99,1,1,1
479,19,155,55,71,60,1,1,1
479,18,302,72,86,78,1,1,1
479,20,545,103,50,87,1,1,1
479,17,137,147,77,79,1,1,1
479,16,296,180,66,67,1,1,1
479,15,137,252,59,62,1,1,1
479,14,266,265,95,70,1,1,1
480,22,332,0,97,56,1,1,1
480,21,25,6,73,100,1,1,1
480,19,155,56,70,63,1,1,1
480,18,301,73,87,79,1,1,1
480,20,545,102,50,93,1,1,1
480,17,134,150,79,77,1,1,1
480,16,296,183,66,65,1,1,1
480,15,135,254,58,64,1,1,1
480,14,264,269,96,66,1,1,1
481,22,330,0,99,57,1,1,1
481,21,25,8,72,100,1,1,1
481,19,155,58,69,64,1,1,1
481,18,301,76,86,78,1,1,1
481,20,546,99,49,100,1,1,1
481,17,132,153,80,76,1,1,1
481,16,296,185,66,64,1,1,1
481,15,133,255,59,64,1,1,1
481,14,263,272,97,63,1,1,1
482,22,328,0,101,58,1,1,1
482,23,569,8,22,60,1,1,1
482,21,26,10,69,100,1,1,1
482,19,154,60,71,64,1,1,1
482,18,300,78,87,78,1,1,1
482,20,539,120,52,76,1,1,1
482,17,131,155,80,76,1,1,1
482,16,294,187,68,64,1,1,1
482,15,132,256,62,64,1,1,1
482,14,263,274,95,61,1,1,1
483,22,326,0,104,61,1,1,1
483,23,569,9,22,62,1,1,1
483,21,26,13,69,100,1,1,1
483,19,153,62,72,64,1,1,1
483,18,299,80,88,78,1,1,1
483,20,537,119,54,80,1,1,1
483,17,129,156,81,78,1,1,1
483,16,286,183,79,76,1,1,1
483,15,131,258,63,64,1,1,1
483,14,263,275,95,60,1,1,1
484,22,328,0,101,63,1,1,1
484,23,569,10,23,64,1,1,1
484,21,25,16,70,98,1,1,1
484,19,152,64,73,64,1,1,1
484,18,298,83,87,77,1,1,1
484,20,536,118,54,85,1,1,1
484,17,128,158,83,78,1,1,1
484,16,285,185,80,76,1,1,1
484,15,129,260,66,63,1,1,1
484,14,266,281,92,54,1,1,1
485,22,330,0,97,66,1,1,1
485,23,569,10,23,64,1,1,1
485,21,24,19,71,97,1,1,1
485,19,151,67,74,63,1,1,1
485,18,297,86,85,76,1,1,1
485,20,535,119,55,88,1,1,1
485,17,128,161,84,77,1,1,1
485,16,284,187,79,76,1,1,1
485,15,129,263,65,62,1,1,1
485,14,265,282,93,53,1,1,1
486,22,329,0,95,69,1,1,1
486,23,569,10,23,64,1,1,1
486,21,23,23,72,94,1,1,1
486,19,152,69,71,63,1,1,1
486,18,296,88,82,76,1,1,1
486,20,535,120,55,90,1,1,1
486,17,129,163,82,76,1,1,1
486,16,285,191,76,74,1,1,1
486,15,130,265,64,61,1,1,1
486,14,263,283,95,51,1,1,1
487,22,326,0,96,71,1,1,1
487,23,569,10,23,64,1,1,1
487,21,24,25,71,94,1,1,1
487,19,153,72,68,59,1,1,1
487,18,297,94,82,73,1,1,1
487,20,538,112,54,104,1,1,1
487,17,131,166,79,74,1,1,1
487,16,289,196,68,67,1,1,1
487,15,132,268,62,60,1,1,1
487,14,262,284,95,50,1,1,1
488,22,323,0,99,73,1,1,1
488,23,569,10,23,64,1,1,1
488,21,23,26,71,94,1,1,1
488,19,153,79,64,53,1,1,1
488,18,298,94,80,75,1,1,1
488,20,537,112,55,108,1,1,1
488,17,131,168,79,73,1,1,1
488,16,283,199,70,72,1,1,1
488,15,133,269,61,61,1,1,1
488,14,255,288,99,47,1,1,1
489,22,322,0,101,75,1,1,1
489,23,23,27,70,95,1,1,1
489,21,573,20,21,72,1,1,1
489,19,152,79,66,56,1,1,1
489,18,297,94,81,77,1,1,1
489,20,536,113,56,109,1,1,1
489,17,131,170,80,78,1,1,1
489,16,283,200,70,73,1,1,1
489,15,133,272,59,60,1,1,1
489,14,253,290,102,45,1,1,1
490,22,321,0,103,78,1,1,1
490,23,572,21,22,73,1,1,1
490,21,16,31,77,95,1,1,1
490,19,149,85,61,55,1,1,1
490,18,296,96,83,77,1,1,1
490,20,536,114,57,110,1,1,1
490,17,129,172,81,77,1,1,1
490,16,283,201,72,72,1,1,1
490,15,133,274,57,60,1,1,1
490,14,252,291,102,44,1,1,1
491,22,321,0,103,82,1,1,1
491,23,571,23,22,71,1,1,1
491,21,16,32,78,96,1,1,1
491,19,149,87,62,56,1,1,1
491,18,295,98,85,78,1,1,1
491,20,536,117,57,108,1,1,1
491,17,127,174,83,78,1,1,1
491,16,288,206,68,63,1,1,1
491,15,132,278,58,57,1,1,1
491,14,253,293,102,42,1,1,1
492,22,321,0,103,86,1,1,1
492,23,570,25,23,69,1,1,1
492,21,17,34,77,96,1,1,1
492,19,150,88,61,58,1,1,1
492,18,295,100,85,78,1,1,1
492,20,536,119,57,109,1,1,1
492,17,126,176,85,78,1,1,1
492,16,289,207,67,65,1,1,1
492,15,131,280,59,55,1,1,1
492,14,254,295,101,40,1,1,1
493,22,319,1,105,88,1,1,1
493,23,569,27,23,69,1,1,1
493,21,19,36,75,96,1,1,1
493,19,150,90,62,58,1,1,1
493,18,295,104,86,76,1,1,1
493,20,537,120,57,111,1,1,1
493,17,126,178,85,78,1,1,1
493,16,289,208,67,67,1,1,1
493,15,130,282,61,53,1,1,1
493,14,257,298,97,37,1,1,1
494,22,318,4,107,87,1,1,1
494,23,569,29,23,71,1,1,1
494,21,20,39,73,95,1,1,1
494,19,149,88,73,61,1,1,1
494,18,295,107,86,76,1,1,1
494,20,538,119,57,114,1,1,1
494,17,126,180,84,79,1,1,1
494,16,285,211,68,70,1,1,1
494,15,129,284,60,51,1,1,1
494,14,259,301,94,34,1,1,1
495,22,317,5,109,87,1,1,1
495,23,569,32,24,72,1,1,1
495,21,21,42,72,94,1,1,1
495,19,148,89,75,62,1,1,1
495,18,295,110,85,75,1,1,1
495,20,539,118,56,117,1,1,1
495,17,126,183,83,78,1,1,1
495,16,285,213,68,69,1,1,1
495,15,130,285,60,50,1,1,1
495,14,262,305,92,30,1,1,1
496,22,315,5,112,88,1,1,1
496,23,569,34,24,72,1,1,1
496,21,21,45,72,93,1,1,1
496,19,148,92,75,62,1,1,1
496,18,294,112,84,75,1,1,1
496,20,536,136,55,99,1,1,1
496,17,126,184,82,78,1,1,1
496,16,284,215,69,69,1,1,1
496,15,130,287,60,48,1,1,1
496,14,263,309,93,26,1,1,1
497,22,315,5,112,88,1,1,1
497,23,569,34,24,72,1,1,1
497,21,21,45,72,93,1,1,1
497,19,148,92,75,62,1,1,1
497,18,294,112,84,75,1,1,1
497,20,536,136,55,99,1,1,1
497,17,126,184,82,78,1,1,1
497,16,284,215,69,69,1,1,1
497,15,130,287,60,48,1,1,1
497,14,263,309,93,26,1,1,1
498,24,142,0,110,72,1,1,1
498,22,324,6,96,95,1,1,1
498,23,571,38,23,70,1,1,1
498,21,22,50,71,91,1,1,1
498,19,149,97,73,60,1,1,1
498,18,296,120,77,73,1,1,1
498,20,536,138,55,102,1,1,1
498,17,127,188,81,76,1,1,1
498,16,284,222,69,66,1,1,1
498,15,128,292,60,43,1,1,1
498,14,265,317,90,18,1,1,1
499,24,141,0,112,76,1,1,1
499,22,322,7,98,94,1,1,1
499,23,22,51,71,92,1,1,1
499,21,572,43,23,76,1,1,1
499,19,151,105,66,52,1,1,1
499,18,297,120,76,74,1,1,1
499,20,536,139,56,105,1,1,1
499,17,128,190,80,76,1,1,1
499,16,285,223,68,67,1,1,1
499,15,129,294,59,41,1,1,1
499,14,266,319,86,16,1,1,1
500,24,140,0,112,80,1,1,1
500,22,322,9,99,94,1,1,1
500,23,22,52,70,93,1,1,1
500,21,571,46,24,72,1,1,1
500,19,148,107,61,54,1,1,1
500,18,296,122,78,75,1,1,1
500,20,535,140,57,106,1,1,1
500,17,130,192,78,76,1,1,1
500,16,285,224,67,72,1,1,1
500,15,129,296,61,39,1,1,1
500,14,270,321,78,14,1,1,1
501,24,140,0,111,83,1,1,1
501,22,322,11,99,94,1,1,1
501,23,22,53,71,94,1,1,1
501,21,570,49,25,70,1,1,1
501,19,148,109,61,55,1,1,1
501,18,296,122,78,75,1,1,1
501,20,535,140,57,106,1,1,1
501,17,130,192,78,76,1,1,1
501,16,285,224,67,72,1,1,1
501,15,129,296,61,39,1,1,1
501,14,270,321,78,14,1,1,1
502,24,141,0,109,85,1,1,1
502,22,323,13,97,95,1,1,1
502,23,22,54,72,95,1,1,1
502,21,569,50,25,69,1,1,1
502,19,149,111,61,56,1,1,1
502,18,295,125,81,77,1,1,1
502,20,535,143,58,108,1,1,1
502,17,130,196,83,80,1,1,1
502,16,284,229,68,69,1,1,1
502,15,127,298,64,36,1,1,1
502,14,277,323,63,12,1,1,1
503,24,142,0,108,87,1,1,1
503,22,322,16,98,95,1,1,1
503,23,568,51,25,70,1,1,1
503,21,16,58,78,96,1,1,1
503,19,148,112,63,58,1,1,1
503,18,294,128,82,76,1,1,1
503,20,536,145,57,110,1,1,1
503,17,128,198,84,79,1,1,1
503,16,284,232,68,67,1,1,1
503,15,125,300,67,34,1,1,1
503,14,278,322,58,13,1,1,1
504,24,143,0,109,88,1,1,1
504,22,321,21,100,94,1,1,1
504,23,567,54,26,70,1,1,1
504,21,18,60,75,96,1,1,1
504,19,148,114,64,58,1,1,1
504,18,293,131,83,75,1,1,1
504,20,536,145,58,112,1,1,1
504,17,127,199,84,79,1,1,1
504,16,284,235,68,67,1,1,1
504,15,123,302,69,33,1,1,1
504,14,277,323,54,11,1,1,1
505,24,143,0,108,90,1,1,1
505,22,320,26,103,90,1,1,1
505,23,567,56,25,72,1,1,1
505,21,19,62,73,95,1,1,1
505,19,148,115,64,59,1,1,1
505,18,292,133,84,75,1,1,1
505,20,533,162,57,97,1,1,1
505,17,126,201,84,78,1,1,1
505,16,283,238,68,66,1,1,1
505,15,124,304,68,31,1,1,1
506,24,143,0,106,92,1,1,1
506,22,319,29,105,89,1,1,1
506,23,568,59,25,73,1,1,1
506,21,20,64,72,94,1,1,1
506,19,148,116,64,60,1,1,1
506,18,292,135,83,76,1,1,1
506,20,534,162,57,99,1,1,1
506,17,125,202,84,79,1,1,1
506,16,282,240,69,66,1,1,1
506,15,124,306,67,29,1,1,1
507,24,142,0,104,94,1,1,1
507,22,317,30,107,90,1,1,1
507,23,568,59,25,73,1,1,1
507,21,21,68,71,92,1,1,1
507,19,148,118,64,60,1,1,1
507,18,292,137,82,76,1,1,1
507,20,535,163,57,100,1,1,1
507,17,124,204,83,79,1,1,1
507,16,281,241,70,65,1,1,1
507,15,123,309,65,26,1,1,1
508,24,141,0,102,95,1,1,1
508,22,301,22,123,108,1,1,1
508,23,568,59,25,73,1,1,1
508,21,21,71,71,91,1,1,1
508,19,149,120,63,60,1,1,1
508,18,294,140,77,75,1,1,1
508,20,534,164,59,102,1,1,1
508,17,124,207,82,79,1,1,1
508,16,281,243,70,65,1,1,1
508,15,120,311,68,24,1,1,1
509,24,140,2,103,94,1,1,1
509,22,308,26,106,105,1,1,1
509,21,21,74,71,91,1,1,1
509,23,569,72,26,71,1,1,1
509,19,149,122,62,60,1,1,1
509,18,297,144,71,77,1,1,1
509,20,533,165,60,103,1,1,1
509,17,125,209,81,77,1,1,1
509,16,280,246,71,64,1,1,1
509,15,117,315,70,20,1,1,1
510,24,140,3,104,94,1,1,1
510,22,309,27,104,105,1,1,1
510,21,21,76,72,90,1,1,1
510,23,568,74,27,70,1,1,1
510,19,150,124,60,59,1,1,1
510,18,297,145,71,77,1,1,1
510,20,532,166,61,104,1,1,1
510,17,126,212,80,75,1,1,1
510,16,280,248,71,65,1,1,1
510,15,114,318,74,17,1,1,1
511,24,138,0,108,106,1,1,1
511,22,309,29,104,104,1,1,1
511,21,20,77,72,91,1,1,1
511,23,566,77,29,68,1,1,1
511,19,147,130,60,55,1,1,1
511,18,296,147,72,76,1,1,1
511,20,533,167,61,105,1,1,1
511,17,127,213,78,75,1,1,1
511,16,280,248,71,68,1,1,1
511,15,113,320,74,15,1,1,1
512,24,139,2,105,104,1,1,1
512,22,308,33,105,102,1,1,1
512,21,19,78,72,92,1,1,1
512,23,565,79,30,68,1,1,1
512,19,146,131,61,57,1,1,1
512,18,295,149,74,76,1,1,1
512,20,533,168,62,106,1,1,1
512,17,126,216,80,74,1,1,1
512,16,280,251,66,69,1,1,1
512,15,114,321,71,14,1,1,1
513,25,338,0,66,9,1,1,1
513,24,138,3,105,104,1,1,1
513,22,306,37,106,99,1,1,1
513,21,18,79,72,93,1,1,1
513,23,563,82,31,66,1,1,1
513,19,145,132,62,58,1,1,1
513,18,293,151,77,76,1,1,1
513,20,533,171,62,106,1,1,1
513,17,125,218,81,75,1,1,1
513,16,278,252,67,70,1,1,1
514,25,339,0,64,11,1,1,1
514,24,138,5,105,103,1,1,1
514,22,304,41,108,97,1,1,1
514,21,17,79,73,95,1,1,1
514,23,562,85,32,65,1,1,1
514,19,144,134,63,59,1,1,1
514,18,291,154,79,76,1,1,1
514,20,533,172,62,107,1,1,1
514,17,125,224,83,72,1,1,1
514,16,276,254,68,69,1,1,1
515,25,339,0,64,11,1,1,1
515,24,138,5,105,103,1,1,1
515,22,304,41,108,97,1,1,1
515,21,17,79,73,95,1,1,1
515,23,562,85,32,65,1,1,1
515,19,144,134,63,59,1,1,1
515,18,291,154,79,76,1,1,1
515,20,533,172,62,107,1,1,1
515,17,125,224,83,72,1,1,1
515,16,276,254,68,69,1,1,1
516,25,338,0,65,15,1,1,1
516,24,139,9,106,102,1,1,1
516,22,301,46,112,99,1,1,1
516,23,559,92,34,64,1,1,1
516,21,13,84,76,97,1,1,1
516,19,141,137,65,59,1,1,1
516,18,288,159,81,75,1,1,1
516,20,531,174,64,110,1,1,1
516,17,121,227,83,73,1,1,1
516,16,274,259,70,67,1,1,1
517,25,338,0,66,17,1,1,1
517,24,138,12,106,101,1,1,1
517,22,299,46,114,103,1,1,1
517,23,559,94,34,63,1,1,1
517,21,12,86,76,95,1,1,1
517,19,139,137,67,62,1,1,1
517,18,288,161,79,75,1,1,1
517,20,528,186,67,103,1,1,1
517,17,121,228,82,72,1,1,1
517,16,272,261,71,66,1,1,1
518,25,339,0,65,18,1,1,1
518,24,138,16,104,99,1,1,1
518,22,299,46,115,106,1,1,1
518,23,559,96,33,62,1,1,1
518,21,11,90,75,92,1,1,1
518,19,137,139,68,63,1,1,1
518,18,287,163,78,75,1,1,1
518,20,527,188,68,103,1,1,1
518,17,120,230,82,72,1,1,1
518,16,271,262,71,66,1,1,1
519,25,338,0,66,19,1,1,1
519,24,124,16,110,100,1,1,1
519,22,298,47,115,108,1,1,1
519,21,12,92,73,91,1,1,1
519,23,554,105,40,58,1,1,1
519,19,136,141,67,63,1,1,1
519,18,287,166,75,73,1,1,1
519,20,525,190,70,103,1,1,1
519,17,122,234,74,70,1,1,1
519,16,270,264,72,65,1,1,1
520,25,328,4,63,29,1,1,1
520,24,124,18,110,98,1,1,1
520,22,304,55,100,99,1,1,1
520,21,12,95,73,91,1,1,1
520,23,555,107,39,59,1,1,1
520,19,136,145,66,60,1,1,1
520,18,287,168,72,72,1,1,1
520,20,522,191,73,106,1,1,1
520,17,122,236,73,69,1,1,1
520,16,269,266,72,64,1,1,1
521,25,328,4,63,29,1,1,1
521,24,124,18,110,98,1,1,1
521,22,304,55,100,99,1,1,1
521,21,12,95,73,91,1,1,1
521,23,555,107,39,59,1,1,1
521,19,136,145,66,60,1,1,1
521,18,287,168,72,72,1,1,1
521,20,522,191,73,106,1,1,1
521,17,122,236,73,69,1,1,1
521,16,269,266,72,64,1,1,1
522,25,327,2,66,36,1,1,1
522,24,125,24,106,96,1,1,1
522,22,302,59,103,97,1,1,1
522,21,11,99,73,96,1,1,1
522,23,558,111,36,61,1,1,1
522,19,138,151,64,56,1,1,1
522,18,286,174,72,71,1,1,1
522,20,520,193,75,109,1,1,1
522,17,114,236,82,74,1,1,1
522,16,270,271,70,64,1,1,1
523,25,327,1,68,39,1,1,1
523,24,127,26,102,98,1,1,1
523,22,301,63,104,95,1,1,1
523,21,11,100,73,98,1,1,1
523,23,557,112,37,63,1,1,1
523,19,134,156,64,55,1,1,1
523,18,284,176,75,71,1,1,1
523,20,518,193,77,111,1,1,1
523,17,113,239,80,73,1,1,1
523,16,269,274,70,61,1,1,1
524,25,327,1,69,41,1,1,1
524,24,124,31,111,97,1,1,1
524,22,299,67,106,93,1,1,1
524,21,10,101,74,98,1,1,1
524,23,555,113,40,65,1,1,1
524,19,134,156,66,57,1,1,1
524,18,283,177,77,72,1,1,1
524,20,516,195,79,112,1,1,1
524,17,117,242,70,72,1,1,1
524,16,268,276,69,59,1,1,1
525,25,326,0,70,43,1,1,1
525,24,122,32,113,96,1,1,1
525,22,297,71,108,91,1,1,1
525,21,7,101,73,95,1,1,1
525,23,552,115,42,66,1,1,1
525,19,134,157,66,57,1,1,1
525,18,276,178,80,78,1,1,1
525,20,513,196,82,114,1,1,1
525,17,116,245,69,70,1,1,1
525,16,266,277,71,58,1,1,1
526,25,325,0,70,44,1,1,1
526,24,121,33,114,97,1,1,1
526,22,295,74,111,90,1,1,1
526,21,7,102,72,97,1,1,1
526,23,549,118,43,66,1,1,1
526,19,134,159,66,57,1,1,1
526,18,275,181,80,78,1,1,1
526,20,513,196,82,117,1,1,1
526,17,114,247,70,69,1,1,1
526,16,266,278,72,57,1,1,1
527,25,324,0,69,46,1,1,1
527,24,120,35,115,97,1,1,1
527,22,294,76,112,90,1,1,1
527,21,7,103,72,98,1,1,1
527,23,548,119,42,66,1,1,1
527,19,133,161,66,57,1,1,1
527,18,274,183,81,78,1,1,1
527,20,514,205,81,114,1,1,1
527,17,117,255,71,63,1,1,1
527,16,266,279,73,56,1,1,1
528,25,324,0,69,47,1,1,1
528,24,120,37,112,97,1,1,1
528,22,294,78,112,90,1,1,1
528,21,8,109,70,96,1,1,1
528,23,551,129,42,63,1,1,1
528,19,131,163,66,57,1,1,1
528,18,274,184,81,79,1,1,1
528,20,514,205,81,115,1,1,1
528,17,116,256,73,64,1,1,1
528,16,265,287,70,48,1,1,1
529,25,323,0,72,49,1,1,1
529,24,121,39,110,98,1,1,1
529,22,293,79,111,92,1,1,1
529,21,8,111,69,94,1,1,1
529,23,549,130,45,64,1,1,1
529,19,129,165,67,57,1,1,1
529,18,273,186,81,78,1,1,1
529,20,514,207,81,115,1,1,1
529,17,111,254,81,70,1,1,1
529,16,265,289,69,46,1,1,1
530,25,321,0,76,49,1,1,1
530,26,471,0,71,37,1,1,1
530,24,121,41,109,99,1,1,1
530,22,291,80,113,93,1,1,1
530,21,8,113,68,93,1,1,1
530,23,549,132,44,65,1,1,1
530,19,129,167,66,57,1,1,1
530,18,272,188,81,79,1,1,1
530,20,513,210,82,113,1,1,1
530,17,110,256,81,69,1,1,1
530,16,265,290,70,45,1,1,1
531,26,471,0,71,38,1,1,1
531,25,323,0,67,57,1,1,1
531,24,120,43,110,99,1,1,1
531,22,288,80,116,95,1,1,1
531,21,8,115,68,93,1,1,1
531,23,549,135,45,66,1,1,1
531,19,129,170,66,57,1,1,1
531,18,271,191,81,77,1,1,1
531,20,512,213,83,112,1,1,1
531,17,109,258,80,69,1,1,1
531,16,264,292,72,43,1,1,1
