1,1,299.58,200.91,58.341,34.572,1,1,1
1,2,316.87,99.355,44.296,39.974,1,1,1
1,3,333.07,14.005,51.859,41.055,1,1,1
2,1,299.33,202.17,58.341,34.572,1,1,1
2,2,317.18,100.44,44.296,39.974,1,1,1
2,3,330.37,14.005,51.859,41.055,1,1,1
3,1,299.08,203.43,58.341,34.572,1,1,1
3,2,317.48,101.52,44.296,39.974,1,1,1
3,3,327.67,14.005,51.859,41.055,1,1,1
4,1,298.82,204.69,58.341,34.572,1,1,1
4,2,317.79,102.6,44.296,39.974,1,1,1
4,3,327.52,15.008,51.859,41.055,1,1,1
5,1,298.57,205.95,58.341,34.572,1,1,1
5,2,318.1,103.68,44.296,39.974,1,1,1
5,3,327.36,16.011,51.859,41.055,1,1,1
6,1,298.32,207.21,58.341,34.572,1,1,1
6,2,318.41,104.76,44.296,39.974,1,1,1
6,3,327.21,17.014,51.859,41.055,1,1,1
7,1,298.07,208.47,58.341,34.572,1,1,1
7,2,318.72,105.84,44.296,39.974,1,1,1
7,3,327.05,18.018,51.859,41.055,1,1,1
8,1,297.82,209.73,58.341,34.572,1,1,1
8,2,319.03,106.92,44.296,39.974,1,1,1
8,3,326.9,19.021,51.859,41.055,1,1,1
9,1,297.56,211,58.341,34.572,1,1,1
9,2,318.67,108.36,44.296,39.974,1,1,1
9,3,326.74,20.024,51.859,41.055,1,1,1
10,1,297.31,212.26,58.341,34.572,1,1,1
10,2,318.31,109.8,44.296,39.974,1,1,1
10,3,326.59,21.027,51.859,41.055,1,1,1
11,1,297.06,213.52,58.341,34.572,1,1,1
11,2,317.95,111.24,44.296,39.974,1,1,1
11,3,326.44,22.031,51.859,41.055,1,1,1
12,1,296.81,214.78,58.341,34.572,1,1,1
12,2,317.59,112.68,44.296,39.974,1,1,1
12,3,326.28,23.034,51.859,41.055,1,1,1
13,1,296.56,216.04,58.341,34.572,1,1,1
13,2,317.23,114.12,44.296,39.974,1,1,1
13,3,326.13,24.037,51.859,41.055,1,1,1
14,1,296.3,217.3,58.341,34.572,1,1,1
14,2,316.87,115.56,44.296,39.974,1,1,1
14,3,325.97,25.04,51.859,41.055,1,1,1
15,1,296.05,218.56,58.341,34.572,1,1,1
15,2,316.87,116.64,44.296,39.974,1,1,1
15,3,325.82,26.043,51.859,41.055,1,1,1
16,1,295.8,219.82,58.341,34.572,1,1,1
16,2,316.87,117.72,44.296,39.974,1,1,1
16,3,325.66,27.047,51.859,41.055,1,1,1
17,1,295.55,221.08,58.341,34.572,1,1,1
17,2,316.87,118.8,44.296,39.974,1,1,1
17,3,325.51,28.05,51.859,41.055,1,1,1
18,1,295.29,222.34,58.341,34.572,1,1,1
18,2,316.45,119.99,44.296,39.974,1,1,1
18,3,325.28,29.67,51.859,41.055,1,1,1
19,1,295.04,223.6,58.341,34.572,1,1,1
19,2,316.04,121.17,44.296,39.974,1,1,1
19,3,325.05,31.291,51.859,41.055,1,1,1
20,1,294.79,224.86,58.341,34.572,1,1,1
20,2,315.62,122.36,44.296,39.974,1,1,1
20,3,324.82,32.912,51.859,41.055,1,1,1
21,1,294.54,226.12,58.341,34.572,1,1,1
21,2,315.2,123.54,44.296,39.974,1,1,1
21,3,324.58,34.532,51.859,41.055,1,1,1
22,1,294.29,227.38,58.341,34.572,1,1,1
22,2,314.79,124.72,44.296,39.974,1,1,1
22,3,324.35,36.153,51.859,41.055,1,1,1
23,1,294.03,228.64,58.341,34.572,1,1,1
23,2,314.37,125.91,44.296,39.974,1,1,1
23,3,324.12,37.773,51.859,41.055,1,1,1
24,1,293.78,229.9,58.341,34.572,1,1,1
24,2,313.96,127.09,44.296,39.974,1,1,1
24,3,323.89,39.394,51.859,41.055,1,1,1
25,1,293.53,231.16,58.341,34.572,1,1,1
25,2,313.54,128.28,44.296,39.974,1,1,1
25,3,323.66,41.014,51.859,41.055,1,1,1
26,1,293.28,232.42,58.341,34.572,1,1,1
26,2,313.13,129.46,44.296,39.974,1,1,1
26,3,323.43,42.635,51.859,41.055,1,1,1
27,1,293.03,233.68,58.341,34.572,1,1,1
27,2,312.71,130.64,44.296,39.974,1,1,1
27,3,323.19,44.256,51.859,41.055,1,1,1
28,1,292.77,234.94,58.341,34.572,1,1,1
28,2,312.3,131.83,44.296,39.974,1,1,1
28,3,322.96,45.876,51.859,41.055,1,1,1
29,1,292.52,236.2,58.341,34.572,1,1,1
29,2,311.88,133.01,44.296,39.974,1,1,1
29,3,322.73,47.497,51.859,41.055,1,1,1
30,1,292.27,237.46,58.341,34.572,1,1,1
30,2,311.46,134.2,44.296,39.974,1,1,1
30,3,322.5,49.117,51.859,41.055,1,1,1
31,1,292.02,238.73,58.341,34.572,1,1,1
31,2,311.05,135.38,44.296,39.974,1,1,1
31,3,322.27,50.738,51.859,41.055,1,1,1
32,1,291.57,239.92,58.341,34.572,1,1,1
32,2,310.63,136.57,44.296,39.974,1,1,1
32,3,321.3,51.494,51.859,41.055,1,1,1
33,1,291.12,241.11,58.341,34.572,1,1,1
33,2,310.22,137.75,44.296,39.974,1,1,1
33,3,320.32,52.25,51.859,41.055,1,1,1
34,1,290.68,242.3,58.341,34.572,1,1,1
34,2,309.8,138.93,44.296,39.974,1,1,1
34,3,319.35,53.007,51.859,41.055,1,1,1
35,1,290.23,243.49,58.341,34.572,1,1,1
35,2,309.39,140.12,44.296,39.974,1,1,1
35,3,318.38,53.763,51.859,41.055,1,1,1
36,1,289.78,244.69,58.341,34.572,1,1,1
36,2,308.97,141.3,44.296,39.974,1,1,1
36,3,317.41,54.519,51.859,41.055,1,1,1
37,1,289.34,245.88,58.341,34.572,1,1,1
37,2,308.56,142.49,44.296,39.974,1,1,1
37,3,316.43,55.276,51.859,41.055,1,1,1
38,1,288.89,247.07,58.341,34.572,1,1,1
38,2,308.14,143.67,44.296,39.974,1,1,1
38,3,315.46,56.032,51.859,41.055,1,1,1
39,1,288.44,248.26,58.341,34.572,1,1,1
39,2,307.72,144.86,44.296,39.974,1,1,1
39,3,314.49,56.788,51.859,41.055,1,1,1
40,1,287.99,249.45,58.341,34.572,1,1,1
40,2,307.31,146.04,44.296,39.974,1,1,1
40,3,313.52,57.544,51.859,41.055,1,1,1
41,1,287.55,250.65,58.341,34.572,1,1,1
41,2,306.89,147.22,44.296,39.974,1,1,1
41,3,312.55,58.301,51.859,41.055,1,1,1
42,1,287.1,251.84,58.341,34.572,1,1,1
42,2,306.48,148.41,44.296,39.974,1,1,1
42,3,312,59.705,51.859,41.055,1,1,1
43,1,286.65,253.03,58.341,34.572,1,1,1
43,2,306.06,149.59,44.296,39.974,1,1,1
43,3,311.46,61.11,51.859,41.055,1,1,1
44,1,286.21,254.22,58.341,34.572,1,1,1
44,2,305.65,150.78,44.296,39.974,1,1,1
44,3,310.92,62.514,51.859,41.055,1,1,1
45,1,285.76,255.42,58.341,34.572,1,1,1
45,2,305.23,151.96,44.296,39.974,1,1,1
45,3,310.38,63.919,51.859,41.055,1,1,1
46,1,285.31,256.61,58.341,34.572,1,1,1
46,2,304.82,153.15,44.296,39.974,1,1,1
46,3,309.84,65.323,51.859,41.055,1,1,1
47,1,284.86,257.8,58.341,34.572,1,1,1
47,2,304.4,154.33,44.296,39.974,1,1,1
47,3,309.3,66.728,51.859,41.055,1,1,1
48,1,284.42,258.99,58.341,34.572,1,1,1
48,2,303.99,155.51,44.296,39.974,1,1,1
48,3,308.76,68.132,51.859,41.055,1,1,1
49,1,283.97,260.18,58.341,34.572,1,1,1
49,2,303.57,156.7,44.296,39.974,1,1,1
49,3,308.22,69.537,51.859,41.055,1,1,1
50,1,283.52,261.38,58.341,34.572,1,1,1
50,2,303.15,157.88,44.296,39.974,1,1,1
50,3,307.68,70.941,51.859,41.055,1,1,1
51,1,283.08,262.57,58.341,34.572,1,1,1
51,2,302.74,159.07,44.296,39.974,1,1,1
51,3,307.14,72.346,51.859,41.055,1,1,1
51,5,297.42,2.1206,57.26,25.929,1,1,1
52,1,282.63,263.76,58.341,34.572,1,1,1
52,2,302.32,160.25,44.296,39.974,1,1,1
52,3,307.58,73.858,51.859,41.055,1,1,1
52,5,297.27,2.1806,57.17,27.01,1,1,1
53,1,282.18,264.95,58.341,34.572,1,1,1
53,2,301.91,161.44,44.296,39.974,1,1,1
53,3,308.01,75.371,51.859,41.055,1,1,1
53,5,297.12,2.2406,57.08,28.09,1,1,1
54,1,281.74,266.14,58.341,34.572,1,1,1
54,2,301.49,162.62,44.296,39.974,1,1,1
54,3,308.44,76.883,51.859,41.055,1,1,1
54,5,296.97,2.3006,56.99,29.17,1,1,1
55,1,281.29,267.34,58.341,34.572,1,1,1
55,2,301.08,163.8,44.296,39.974,1,1,1
55,3,308.87,78.396,51.859,41.055,1,1,1
55,5,296.82,2.3607,56.9,30.251,1,1,1
56,1,280.84,268.53,58.341,34.572,1,1,1
56,2,300.66,164.99,44.296,39.974,1,1,1
56,3,309.3,79.908,51.859,41.055,1,1,1
56,5,296.67,2.4207,56.81,31.331,1,1,1
57,1,280.39,269.72,58.341,34.572,1,1,1
57,2,300.25,166.17,44.296,39.974,1,1,1
57,3,309.3,80.989,51.859,41.055,1,1,1
57,5,296.52,2.4807,56.72,32.412,1,1,1
58,1,279.95,270.91,58.341,34.572,1,1,1
58,2,299.83,167.36,44.296,39.974,1,1,1
58,3,309.3,82.069,51.859,41.055,1,1,1
58,4,384.93,5.3617,24.849,20.527,1,1,1
58,5,296.37,2.5407,56.63,33.492,1,1,1
59,1,279.5,272.11,58.341,34.572,1,1,1
59,2,299.41,168.54,44.296,39.974,1,1,1
59,3,309.3,83.15,51.859,41.055,1,1,1
59,4,384.93,5.3617,24.849,23.048,1,1,1
59,5,296.22,2.6008,56.54,34.572,1,1,1
60,1,279.05,273.3,58.341,34.572,1,1,1
60,2,299,169.73,44.296,39.974,1,1,1
60,3,309.3,84.23,51.859,41.055,1,1,1
60,4,384.93,5.3617,24.849,25.569,1,1,1
60,5,296.07,2.6608,56.45,35.653,1,1,1
61,1,279.05,274.11,58.341,34.572,1,1,1
61,2,298.58,170.91,44.296,39.974,1,1,1
61,3,309.3,85.31,51.859,41.055,1,1,1
61,4,384.93,5.3617,24.849,28.09,1,1,1
61,5,295.92,2.7023,56.36,36.752,1,1,1
62,1,279.05,274.92,58.341,34.572,1,1,1
62,2,298.17,172.09,44.296,39.974,1,1,1
62,3,309.3,86.391,51.859,41.055,1,1,1
62,4,382.5,5.3617,28.63,28.09,1,1,1
62,5,295.77,2.7439,56.27,37.85,1,1,1
63,1,279.05,275.73,58.341,34.572,1,1,1
63,2,297.75,173.28,44.296,39.974,1,1,1
63,3,308.89,87.388,51.859,41.055,1,1,1
63,4,380.07,5.3617,32.412,28.09,1,1,1
63,5,295.62,2.7854,56.18,38.949,1,1,1
64,1,279.05,276.54,58.341,34.572,1,1,1
64,2,297.34,174.46,44.296,39.974,1,1,1
64,3,308.47,88.385,51.859,41.055,1,1,1
64,4,377.64,5.3617,36.193,28.09,1,1,1
64,5,295.47,2.827,56.09,40.048,1,1,1
65,1,278.4,277.4,58.341,34.572,1,1,1
65,2,296.92,175.65,44.296,39.974,1,1,1
65,3,308.06,89.383,51.859,41.055,1,1,1
65,4,375.21,5.3617,39.974,28.09,1,1,1
65,5,295.32,2.8685,56,41.147,1,1,1
66,1,277.76,278.27,58.341,34.572,1,1,1
66,2,296.51,176.83,44.296,39.974,1,1,1
66,3,307.64,90.38,51.859,41.055,1,1,1
66,4,375.21,5.3617,39.974,29.651,1,1,1
66,5,295.17,2.9101,55.91,42.246,1,1,1
67,1,277.11,279.13,58.341,34.572,1,1,1
67,2,296.09,178.02,44.296,39.974,1,1,1
67,3,307.23,91.377,51.859,41.055,1,1,1
67,4,375.21,5.3617,39.974,31.211,1,1,1
67,5,295.02,2.9516,55.82,43.345,1,1,1
68,1,276.46,280,58.341,34.572,1,1,1
68,2,295.67,179.2,44.296,39.974,1,1,1
68,3,306.81,92.374,51.859,41.055,1,1,1
68,4,375.21,5.3617,39.974,32.772,1,1,1
68,5,294.87,2.9932,55.73,44.444,1,1,1
69,1,275.81,280.86,58.341,34.572,1,1,1
69,2,295.26,180.38,44.296,39.974,1,1,1
69,3,306.4,93.372,51.859,41.055,1,1,1
69,4,375.21,5.3617,39.974,34.332,1,1,1
69,5,294.72,3.0348,55.64,45.542,1,1,1
70,1,275.45,282.3,58.341,34.572,1,1,1
70,2,295.08,181.28,44.296,39.974,1,1,1
70,3,305.98,94.369,51.859,41.055,1,1,1
70,4,375.21,5.3617,39.974,35.893,1,1,1
70,5,294.57,3.0763,55.55,46.641,1,1,1
71,1,275.09,283.74,58.341,34.572,1,1,1
71,2,294.9,182.18,44.296,39.974,1,1,1
71,3,305.56,95.366,51.859,41.055,1,1,1
71,4,375.21,5.3617,39.974,37.453,1,1,1
71,5,294.42,3.1179,55.46,47.74,1,1,1
72,1,274.73,285.18,58.341,34.572,1,1,1
72,2,294.72,183.09,44.296,39.974,1,1,1
72,3,305.15,96.363,51.859,41.055,1,1,1
72,4,375.21,5.3617,39.974,39.014,1,1,1
72,5,294.27,3.1594,55.37,48.839,1,1,1
73,1,274.37,286.62,58.341,34.572,1,1,1
73,2,294.54,183.99,44.296,39.974,1,1,1
73,3,304.73,97.361,51.859,41.055,1,1,1
73,4,375.21,5.3617,39.974,40.574,1,1,1
73,5,294.12,3.201,55.28,49.938,1,1,1
74,1,274.01,288.06,58.341,34.572,1,1,1
74,2,294.36,184.89,44.296,39.974,1,1,1
74,3,304.32,98.358,51.859,41.055,1,1,1
74,4,375.21,5.3617,39.974,42.135,1,1,1
74,5,293.97,2.0434,55.19,52.236,1,1,1
75,1,273.65,289.5,58.341,34.572,1,1,1
75,2,294.18,185.79,44.296,39.974,1,1,1
75,3,303.9,99.355,51.859,41.055,1,1,1
75,4,375.21,5.3617,39.974,44.026,1,1,1
75,5,293.82,3.2128,55.1,52.207,1,1,1
76,1,273.65,290.22,58.341,34.572,1,1,1
76,2,294.18,186.69,44.296,39.974,1,1,1
76,3,304.08,100.26,51.859,41.055,1,1,1
76,4,375.21,5.3617,39.974,45.916,1,1,1
76,5,293.67,4.3823,55.01,52.178,1,1,1
77,1,273.65,290.94,58.341,34.572,1,1,1
77,2,294.18,187.59,44.296,39.974,1,1,1
77,3,304.26,101.16,51.859,41.055,1,1,1
77,4,375.21,5.3617,39.974,47.807,1,1,1
77,5,293.52,5.5517,54.92,52.149,1,1,1
78,1,273.65,291.66,58.341,34.572,1,1,1
78,2,294.18,188.49,44.296,39.974,1,1,1
78,3,304.44,102.06,51.859,41.055,1,1,1
78,4,375.21,5.3617,39.974,49.698,1,1,1
78,5,293.37,6.7211,54.83,52.12,1,1,1
79,1,273.65,292.38,58.341,34.572,1,1,1
79,2,294.18,189.39,44.296,39.974,1,1,1
79,3,304.62,102.96,51.859,41.055,1,1,1
79,4,374.78,6.01,39.974,49.698,1,1,1
79,5,293.22,7.8906,54.74,52.091,1,1,1
80,1,273.65,293.1,58.341,34.572,1,1,1
80,2,294.18,190.29,44.296,39.974,1,1,1
80,3,304.8,103.86,51.859,41.055,1,1,1
80,4,374.34,6.6582,39.974,49.698,1,1,1
80,5,293.07,9.06,54.65,52.062,1,1,1
81,1,273.65,293.82,58.341,34.572,1,1,1
81,2,294.18,191.19,44.296,39.974,1,1,1
81,3,304.98,104.76,51.859,41.055,1,1,1
81,4,373.91,7.3064,39.974,49.698,1,1,1
81,5,292.92,10.229,54.559,52.033,1,1,1
82,1,273.65,295.27,58.341,34.572,1,1,1
82,2,293.82,192.81,44.296,39.974,1,1,1
82,3,304.62,106.38,51.859,41.055,1,1,1
82,4,373.48,7.9547,39.974,49.698,1,1,1
82,5,292.77,11.399,54.469,52.004,1,1,1
83,1,273.65,296.71,58.341,34.572,1,1,1
83,2,293.46,194.43,44.296,39.974,1,1,1
83,3,304.26,108,51.859,41.055,1,1,1
83,4,373.05,8.6029,39.974,49.698,1,1,1
83,5,292.62,12.568,54.379,51.975,1,1,1
84,1,273.65,298.15,58.341,34.572,1,1,1
84,2,293.1,196.05,44.296,39.974,1,1,1
84,3,303.9,109.62,51.859,41.055,1,1,1
84,4,371.97,11.844,39.974,50.778,1,1,1
84,5,292.47,13.738,54.289,51.946,1,1,1
85,1,273.65,299.59,58.341,34.572,1,1,1
85,2,292.74,197.67,44.296,39.974,1,1,1
85,3,303.54,111.24,51.859,41.055,1,1,1
85,4,371.97,13.195,39.974,51.859,1,1,1
85,5,292.32,14.907,54.199,51.917,1,1,1
86,1,273.65,301.03,58.341,34.572,1,1,1
86,2,292.38,199.29,44.296,39.974,1,1,1
86,3,303.18,112.86,51.859,41.055,1,1,1
86,4,371.97,14.545,39.974,52.939,1,1,1
86,5,292.17,16.077,54.109,51.888,1,1,1
87,1,273.65,302.47,58.341,34.572,1,1,1
87,2,292.02,200.91,44.296,39.974,1,1,1
87,3,302.82,114.48,51.859,41.055,1,1,1
87,4,371.97,15.895,39.974,54.019,1,1,1
87,5,292.02,17.246,54.019,51.859,1,1,1
88,1,274.73,297.07,58.341,34.572,1,1,1
88,2,294.18,203.07,44.296,39.974,1,1,1
88,3,302.32,115.56,51.859,41.055,1,1,1
88,4,371.97,17.246,39.974,55.1,1,1,1
88,5,291.69,18.409,54.019,51.859,1,1,1
89,1,274.55,298.87,57.801,33.492,1,1,1
89,2,294,204.06,44.296,39.974,1,1,1
89,3,301.82,116.64,51.859,41.055,1,1,1
89,4,371.34,18.957,39.974,55.1,1,1,1
89,5,291.35,19.573,54.019,51.859,1,1,1
90,1,274.37,300.67,57.26,32.412,1,1,1
90,2,293.82,205.05,44.296,39.974,1,1,1
90,3,301.33,117.72,51.859,41.055,1,1,1
90,4,370.71,20.667,39.974,55.1,1,1,1
90,5,291.02,20.736,54.019,51.859,1,1,1
91,1,274.19,302.47,56.72,31.331,1,1,1
91,2,293.64,206.04,44.296,39.974,1,1,1
91,3,300.83,118.8,51.859,41.055,1,1,1
91,4,370.08,22.378,39.974,55.1,1,1,1
91,5,290.69,21.9,54.019,51.859,1,1,1
92,1,274.01,304.27,56.18,30.251,1,1,1
92,2,293.46,207.03,44.296,39.974,1,1,1
92,3,300.33,119.88,51.859,41.055,1,1,1
92,4,369.45,24.088,39.974,55.1,1,1,1
92,5,290.36,23.063,54.019,51.859,1,1,1
93,1,273.83,306.07,55.64,29.17,1,1,1
93,2,293.28,208.02,44.296,39.974,1,1,1
93,3,299.83,120.96,51.859,41.055,1,1,1
93,4,368.82,25.799,39.974,55.1,1,1,1
93,5,290.02,24.227,54.019,51.859,1,1,1
94,1,273.65,307.87,55.1,28.09,1,1,1
94,2,293.1,209.01,44.296,39.974,1,1,1
94,3,299.33,122.04,51.859,41.055,1,1,1
94,4,368.18,27.51,39.974,55.1,1,1,1
94,5,289.69,25.39,54.019,51.859,1,1,1
95,1,273.47,309.67,54.559,27.01,1,1,1
95,2,292.92,210,44.296,39.974,1,1,1
95,3,298.83,123.12,51.859,41.055,1,1,1
95,4,367.55,29.22,39.974,55.1,1,1,1
95,5,289.36,26.554,54.019,51.859,1,1,1
96,1,273.29,311.47,54.019,25.929,1,1,1
96,2,292.74,211,44.296,39.974,1,1,1
96,3,298.33,124.2,51.859,41.055,1,1,1
96,4,366.92,30.931,39.974,55.1,1,1,1
96,5,289.03,27.717,54.019,51.859,1,1,1
97,1,273.11,313.27,53.479,24.849,1,1,1
97,2,292.56,211.99,44.296,39.974,1,1,1
97,3,297.84,125.28,51.859,41.055,1,1,1
97,4,366.29,32.641,39.974,55.1,1,1,1
97,5,288.69,28.881,54.019,51.859,1,1,1
98,1,272.93,315.07,52.939,23.768,1,1,1
98,2,292.38,212.98,44.296,39.974,1,1,1
98,3,297.34,126.36,51.859,41.055,1,1,1
98,4,365.66,34.352,39.974,55.1,1,1,1
98,5,288.36,30.044,54.019,51.859,1,1,1
99,1,272.75,316.87,52.399,22.688,1,1,1
99,2,292.2,213.97,44.296,39.974,1,1,1
99,3,296.84,127.45,51.859,41.055,1,1,1
99,4,365.03,36.063,39.974,55.1,1,1,1
99,5,288.03,31.208,54.019,51.859,1,1,1
100,1,272.57,318.67,51.859,21.608,1,1,1
100,2,292.02,214.96,44.296,39.974,1,1,1
100,3,296.34,128.53,51.859,41.055,1,1,1
100,4,364.4,37.773,39.974,55.1,1,1,1
100,5,287.7,32.371,54.019,51.859,1,1,1
101,2,291.89,216.34,44.296,39.974,1,1,1
101,3,296.34,129.78,51.859,41.055,1,1,1
101,4,364.25,39.78,39.974,55.1,1,1,1
101,5,287.48,33.625,54.149,51.859,1,1,1
102,2,291.76,217.72,44.296,39.974,1,1,1
102,3,296.34,131.03,51.859,41.055,1,1,1
102,4,364.09,41.786,39.974,55.1,1,1,1
102,5,287.26,34.878,54.279,51.859,1,1,1
103,2,291.63,219.11,44.296,39.974,1,1,1
103,3,296.34,132.29,51.859,41.055,1,1,1
103,4,363.94,43.793,39.974,55.1,1,1,1
103,5,287.05,36.131,54.408,51.859,1,1,1
104,2,291.5,220.49,44.296,39.974,1,1,1
104,3,296.34,133.54,51.859,41.055,1,1,1
104,4,363.79,45.799,39.974,55.1,1,1,1
104,5,286.83,37.384,54.538,51.859,1,1,1
105,2,291.37,221.87,44.296,39.974,1,1,1
105,3,296.34,134.79,51.859,41.055,1,1,1
105,4,363.63,47.805,39.974,55.1,1,1,1
105,5,286.62,38.638,54.668,51.859,1,1,1
106,2,291.24,223.25,44.296,39.974,1,1,1
106,3,296.34,136.05,51.859,41.055,1,1,1
106,4,363.48,49.812,39.974,55.1,1,1,1
106,5,286.4,39.891,54.797,51.859,1,1,1
107,2,291.11,224.64,44.296,39.974,1,1,1
107,3,296.34,137.3,51.859,41.055,1,1,1
107,4,363.32,51.818,39.974,55.1,1,1,1
107,5,286.18,41.144,54.927,51.859,1,1,1
108,2,290.98,226.02,44.296,39.974,1,1,1
108,3,296.34,138.55,51.859,41.055,1,1,1
108,4,363.17,53.825,39.974,55.1,1,1,1
108,5,285.97,42.397,55.056,51.859,1,1,1
109,2,290.85,227.4,44.296,39.974,1,1,1
109,3,296.34,139.8,51.859,41.055,1,1,1
109,4,363.01,55.831,39.974,55.1,1,1,1
109,5,285.75,43.651,55.186,51.859,1,1,1
110,2,290.72,228.79,44.296,39.974,1,1,1
110,3,296.34,141.06,51.859,41.055,1,1,1
110,4,362.86,57.838,39.974,55.1,1,1,1
110,5,285.54,44.904,55.316,51.859,1,1,1
111,2,290.59,230.17,44.296,39.974,1,1,1
111,3,296.34,142.31,51.859,41.055,1,1,1
111,4,362.71,59.844,39.974,55.1,1,1,1
111,5,285.32,46.157,55.445,51.859,1,1,1
112,2,290.46,231.55,44.296,39.974,1,1,1
112,3,296.34,143.56,51.859,41.055,1,1,1
112,4,362.55,61.85,39.974,55.1,1,1,1
112,5,285.1,47.41,55.575,51.859,1,1,1
113,2,290.33,232.93,44.296,39.974,1,1,1
113,3,296.34,144.82,51.859,41.055,1,1,1
113,4,362.4,63.857,39.974,55.1,1,1,1
113,5,284.89,48.664,55.705,51.859,1,1,1
114,2,290.2,234.32,44.296,39.974,1,1,1
114,3,296.34,146.07,51.859,41.055,1,1,1
114,4,362.24,65.863,39.974,55.1,1,1,1
114,5,284.67,49.917,55.834,51.859,1,1,1
115,2,290.07,235.7,44.296,39.974,1,1,1
115,3,296.34,147.32,51.859,41.055,1,1,1
115,4,361.97,67.416,39.974,55.1,1,1,1
115,5,284.45,51.17,55.964,51.859,1,1,1
116,2,289.94,237.08,44.296,39.974,1,1,1
116,3,296.34,148.58,51.859,41.055,1,1,1
116,4,361.7,68.969,39.974,55.1,1,1,1
116,5,284.24,52.423,56.094,51.859,1,1,1
117,2,289.81,238.47,44.296,39.974,1,1,1
117,3,296.34,149.83,51.859,41.055,1,1,1
117,4,361.43,70.523,39.974,55.1,1,1,1
117,5,284.02,53.677,56.223,51.859,1,1,1
118,2,289.68,239.85,44.296,39.974,1,1,1
118,3,296.34,151.08,51.859,41.055,1,1,1
118,4,361.16,72.076,39.974,55.1,1,1,1
118,5,283.81,54.93,56.353,51.859,1,1,1
119,2,289.55,241.23,44.296,39.974,1,1,1
119,3,296.34,152.34,51.859,41.055,1,1,1
119,4,360.89,73.629,39.974,55.1,1,1,1
119,5,283.59,56.183,56.483,51.859,1,1,1
120,2,289.42,242.61,44.296,39.974,1,1,1
120,3,296.34,153.59,51.859,41.055,1,1,1
120,4,360.62,75.182,39.974,55.1,1,1,1
120,5,283.37,57.436,56.612,51.859,1,1,1
121,2,289.3,244,44.296,39.974,1,1,1
121,3,296.34,154.84,51.859,41.055,1,1,1
121,4,360.35,76.735,39.974,55.1,1,1,1
121,5,283.16,58.69,56.742,51.859,1,1,1
122,2,289.17,245.38,44.296,39.974,1,1,1
122,3,296.34,156.1,51.859,41.055,1,1,1
122,4,360.08,78.288,39.974,55.1,1,1,1
122,5,282.94,59.943,56.872,51.859,1,1,1
123,2,289.04,246.76,44.296,39.974,1,1,1
123,3,296.34,157.35,51.859,41.055,1,1,1
123,4,359.81,79.841,39.974,55.1,1,1,1
123,5,282.73,61.196,57.001,51.859,1,1,1
124,2,288.91,248.15,44.296,39.974,1,1,1
124,3,296.34,158.6,51.859,41.055,1,1,1
124,4,359.54,81.394,39.974,55.1,1,1,1
124,5,282.51,62.449,57.131,51.859,1,1,1
125,2,288.78,249.53,44.296,39.974,1,1,1
125,3,296.34,159.86,51.859,41.055,1,1,1
125,4,359.27,82.947,39.974,55.1,1,1,1
125,5,282.29,63.703,57.26,51.859,1,1,1
126,2,288.24,250.25,44.296,39.974,1,1,1
126,3,296.34,160.76,51.859,41.055,1,1,1
126,4,359,84.5,39.974,55.1,1,1,1
126,5,281.75,64.423,57.26,51.859,1,1,1
127,2,287.7,250.97,44.296,39.974,1,1,1
127,3,296.34,161.66,51.859,41.055,1,1,1
127,4,358.73,86.053,39.974,55.1,1,1,1
127,5,281.21,65.143,57.26,51.859,1,1,1
128,2,287.16,251.69,44.296,39.974,1,1,1
128,3,296.34,162.56,51.859,41.055,1,1,1
128,4,358.46,87.606,39.974,55.1,1,1,1
128,5,280.67,65.863,57.26,51.859,1,1,1
129,2,286.62,252.41,44.296,39.974,1,1,1
129,3,296.34,163.46,51.859,41.055,1,1,1
129,4,358.19,89.159,39.974,55.1,1,1,1
129,5,280.13,66.584,57.26,51.859,1,1,1
130,2,286.08,253.13,44.296,39.974,1,1,1
130,3,296.34,164.36,51.859,41.055,1,1,1
130,4,357.92,90.712,39.974,55.1,1,1,1
130,5,279.59,67.304,57.26,51.859,1,1,1
131,2,285.54,253.85,44.296,39.974,1,1,1
131,3,296.34,165.26,51.859,41.055,1,1,1
131,4,357.38,92.063,39.974,55.1,1,1,1
131,5,279.05,68.024,57.26,51.859,1,1,1
132,2,284.92,254.62,44.296,39.974,1,1,1
132,3,295.88,166.18,51.859,41.055,1,1,1
132,4,356.84,93.413,39.974,55.1,1,1,1
132,5,278.59,68.95,57.26,51.859,1,1,1
133,2,284.3,255.39,44.296,39.974,1,1,1
133,3,295.41,167.11,51.859,41.055,1,1,1
133,4,356.3,94.764,39.974,55.1,1,1,1
133,5,278.13,69.876,57.26,51.859,1,1,1
134,2,283.68,256.17,44.296,39.974,1,1,1
134,3,294.95,168.04,51.859,41.055,1,1,1
134,4,355.76,96.114,39.974,55.1,1,1,1
134,5,277.66,70.802,57.26,51.859,1,1,1
135,2,283.07,256.94,44.296,39.974,1,1,1
135,3,294.49,168.96,51.859,41.055,1,1,1
135,4,355.22,97.465,39.974,55.1,1,1,1
135,5,277.2,71.728,57.26,51.859,1,1,1
136,2,282.45,257.71,44.296,39.974,1,1,1
136,3,294.02,169.89,51.859,41.055,1,1,1
136,4,354.68,98.815,39.974,55.1,1,1,1
136,5,276.74,72.654,57.26,51.859,1,1,1
137,2,281.83,258.48,44.296,39.974,1,1,1
137,3,293.56,170.82,51.859,41.055,1,1,1
137,4,354.14,100.17,39.974,55.1,1,1,1
137,5,276.27,73.58,57.26,51.859,1,1,1
138,2,281.21,259.25,44.296,39.974,1,1,1
138,3,293.1,171.74,51.859,41.055,1,1,1
138,4,353.6,101.52,39.974,55.1,1,1,1
138,5,275.81,74.506,57.26,51.859,1,1,1
139,2,280.94,260.6,44.296,39.974,1,1,1
139,3,292.94,172.36,51.859,41.055,1,1,1
139,4,353.06,102.87,39.974,55.1,1,1,1
139,5,275,75.047,57.26,51.859,1,1,1
140,2,280.67,261.95,44.296,39.974,1,1,1
140,3,292.79,172.98,51.859,41.055,1,1,1
140,4,352.52,104.22,39.974,55.1,1,1,1
140,5,274.19,75.587,57.26,51.859,1,1,1
141,2,280.4,263.3,44.296,39.974,1,1,1
141,3,292.64,173.59,51.859,41.055,1,1,1
141,4,351.98,105.57,39.974,55.1,1,1,1
141,5,273.38,76.127,57.26,51.859,1,1,1
142,2,280.13,264.65,44.296,39.974,1,1,1
142,3,292.48,174.21,51.859,41.055,1,1,1
142,4,351.44,106.92,39.974,55.1,1,1,1
142,5,272.57,76.667,57.26,51.859,1,1,1
143,2,279.77,265.73,44.296,39.974,1,1,1
143,3,292.33,174.83,51.859,41.055,1,1,1
143,4,350.9,108.27,39.974,55.1,1,1,1
143,5,272.3,77.838,57.26,51.859,1,1,1
144,2,279.41,266.82,44.296,39.974,1,1,1
144,3,292.17,175.45,51.859,41.055,1,1,1
144,4,350.36,109.62,39.974,55.1,1,1,1
144,5,272.03,79.008,57.26,51.859,1,1,1
145,2,279.05,267.9,44.296,39.974,1,1,1
145,3,292.02,176.06,51.859,41.055,1,1,1
145,4,349.82,110.97,39.974,55.1,1,1,1
145,5,271.76,80.178,57.26,51.859,1,1,1
146,2,278.62,269.11,44.296,39.974,1,1,1
146,4,349.28,112.32,39.974,55.1,1,1,1
146,5,271.49,81.349,57.26,51.859,1,1,1
147,2,278.19,270.32,44.296,39.974,1,1,1
147,4,348.74,113.67,39.974,55.1,1,1,1
147,5,271.22,82.519,57.26,51.859,1,1,1
148,2,277.76,271.53,44.296,39.974,1,1,1
148,4,348.2,115.02,39.974,55.1,1,1,1
148,5,270.95,83.69,57.26,51.859,1,1,1
149,2,277.32,272.74,44.296,39.974,1,1,1
149,4,347.66,116.37,39.974,55.1,1,1,1
149,5,270.68,84.86,57.26,51.859,1,1,1
150,2,276.89,273.95,44.296,39.974,1,1,1
150,4,347.12,117.72,39.974,55.1,1,1,1
150,5,270.41,86.031,57.26,51.859,1,1,1
151,2,276.46,275.16,44.296,39.974,1,1,1
151,4,346.58,119.48,39.974,55.1,1,1,1
151,5,270.14,87.201,57.26,51.859,1,1,1
152,2,276.03,276.37,44.296,39.974,1,1,1
152,4,346.04,121.23,39.974,55.1,1,1,1
152,5,269.87,88.371,57.26,51.859,1,1,1
153,2,275.6,277.58,44.296,39.974,1,1,1
153,4,345.5,122.99,39.974,55.1,1,1,1
153,5,269.6,89.542,57.26,51.859,1,1,1
154,2,275.16,278.79,44.296,39.974,1,1,1
154,4,344.96,124.74,39.974,55.1,1,1,1
154,5,269.33,90.712,57.26,51.859,1,1,1
155,2,274.73,280,44.296,39.974,1,1,1
155,4,344.42,126.5,39.974,55.1,1,1,1
155,5,269.06,91.928,57.26,51.859,1,1,1
156,2,274.3,281.21,44.296,39.974,1,1,1
156,4,343.88,128.26,39.974,55.1,1,1,1
156,5,268.79,93.143,57.26,51.859,1,1,1
157,2,273.87,282.42,44.296,39.974,1,1,1
157,4,343.34,130.01,39.974,55.1,1,1,1
157,5,268.52,94.359,57.26,51.859,1,1,1
158,2,273.44,283.63,44.296,39.974,1,1,1
158,4,342.8,131.77,39.974,55.1,1,1,1
158,5,268.25,95.574,57.26,51.859,1,1,1
159,2,273,284.84,44.296,39.974,1,1,1
159,4,342.26,133.52,39.974,55.1,1,1,1
159,5,267.98,96.789,57.26,51.859,1,1,1
160,2,272.57,286.05,44.296,39.974,1,1,1
160,4,341.72,135.28,39.974,55.1,1,1,1
160,5,267.71,98.005,57.26,51.859,1,1,1
161,2,272.14,287.26,44.296,39.974,1,1,1
161,4,341.18,137.03,39.974,55.1,1,1,1
161,5,267.44,99.22,57.26,51.859,1,1,1
162,2,271.71,288.47,44.296,39.974,1,1,1
162,4,340.64,138.79,39.974,55.1,1,1,1
162,5,267.17,100.44,57.26,51.859,1,1,1
163,2,271.27,289.68,44.296,39.974,1,1,1
163,4,340.09,140.55,39.974,55.1,1,1,1
163,5,266.9,101.65,57.26,51.859,1,1,1
164,2,270.84,290.89,44.296,39.974,1,1,1
164,4,339.55,142.3,39.974,55.1,1,1,1
164,5,266.63,102.87,57.26,51.859,1,1,1
165,2,270.41,292.1,44.296,39.974,1,1,1
165,4,339.01,144.06,39.974,55.1,1,1,1
165,5,266.36,104.08,57.26,51.859,1,1,1
166,2,269.98,293.31,44.296,39.974,1,1,1
166,4,338.47,145.81,39.974,55.1,1,1,1
166,5,266.09,105.3,57.26,51.859,1,1,1
167,2,269.55,294.52,44.296,39.974,1,1,1
167,4,338.47,147.47,39.974,53.587,1,1,1
167,5,265.82,106.51,57.26,51.859,1,1,1
168,2,269.11,295.73,44.296,39.974,1,1,1
168,4,338.47,149.13,39.974,52.075,1,1,1
168,5,265.55,107.73,57.26,51.859,1,1,1
169,2,268.68,296.94,44.296,39.974,1,1,1
169,4,338.47,150.78,39.974,50.562,1,1,1
169,5,265.28,108.94,57.26,51.859,1,1,1
170,2,268.25,298.15,44.296,39.974,1,1,1
170,4,338.47,152.44,39.974,49.05,1,1,1
170,5,265.01,110.16,57.26,51.859,1,1,1
171,2,268.25,299.59,44.296,37.994,1,1,1
171,4,338.47,154.09,39.974,47.537,1,1,1
171,5,264.76,111.28,57.26,51.859,1,1,1
172,2,268.25,301.03,44.296,36.013,1,1,1
172,4,338.47,155.75,39.974,46.024,1,1,1
172,5,264.5,112.39,57.26,51.859,1,1,1
173,2,268.25,302.47,44.296,34.032,1,1,1
173,4,338.47,157.41,39.974,44.512,1,1,1
173,5,264.25,113.51,57.26,51.859,1,1,1
174,2,268.25,303.91,44.296,32.051,1,1,1
174,4,338.47,159.06,39.974,42.999,1,1,1
174,5,264,114.62,57.26,51.859,1,1,1
175,2,268.25,305.35,44.296,30.071,1,1,1
175,4,338.47,160.72,39.974,41.487,1,1,1
175,5,263.75,115.74,57.26,51.859,1,1,1
176,2,268.25,306.79,44.296,28.09,1,1,1
176,4,338.47,162.38,39.974,39.974,1,1,1
176,5,263.5,116.86,57.26,51.859,1,1,1
177,2,268.25,308.95,44.296,25.929,1,1,1
177,4,338.47,164.03,39.974,38.462,1,1,1
177,5,263.24,117.97,57.26,51.859,1,1,1
178,2,268.25,311.11,44.296,23.768,1,1,1
178,4,338.47,165.69,39.974,36.949,1,1,1
178,5,262.99,119.09,57.26,51.859,1,1,1
179,2,268.25,311.73,44.296,23.151,1,1,1
179,4,338.47,167.35,39.974,35.437,1,1,1
179,5,262.74,120.21,57.26,51.859,1,1,1
180,2,268.25,312.35,44.296,22.534,1,1,1
180,4,338.47,169,39.974,33.924,1,1,1
180,5,262.49,121.32,57.26,51.859,1,1,1
181,2,268.25,312.96,44.296,21.916,1,1,1
181,4,338.47,170.66,39.974,32.412,1,1,1
181,5,262.24,122.44,57.26,51.859,1,1,1
182,2,268.25,313.58,44.296,21.299,1,1,1
182,5,261.98,123.56,57.26,51.859,1,1,1
183,2,268.25,314.2,44.296,20.682,1,1,1
183,5,261.73,124.67,57.26,51.859,1,1,1
184,2,268.25,314.82,44.296,20.064,1,1,1
184,5,261.48,125.79,57.26,51.859,1,1,1
185,2,268.25,315.43,44.296,19.447,1,1,1
185,5,261.23,126.91,57.26,51.859,1,1,1
186,5,260.97,128.02,57.26,51.859,1,1,1
187,5,260.72,129.14,57.26,51.859,1,1,1
188,5,260.47,130.25,57.26,51.859,1,1,1
189,5,260.22,131.37,57.26,51.859,1,1,1
190,5,259.97,132.49,57.26,51.859,1,1,1
191,5,259.71,133.6,57.26,51.859,1,1,1
192,5,259.46,134.72,57.26,51.859,1,1,1
193,5,259.21,135.84,57.26,51.859,1,1,1
194,5,258.96,136.95,57.26,51.859,1,1,1
195,5,258.71,138.07,57.26,51.859,1,1,1
196,5,258.45,139.19,57.26,51.859,1,1,1
197,5,258.2,140.3,57.26,51.859,1,1,1
198,5,257.95,141.42,57.26,51.859,1,1,1
199,5,257.7,142.53,57.26,51.859,1,1,1
200,5,257.45,143.65,57.26,51.859,1,1,1
201,5,257.06,144.96,57.26,51.859,1,1,1
202,5,256.67,146.27,57.26,51.859,1,1,1
203,5,256.29,147.59,57.26,51.859,1,1,1
204,5,255.9,148.9,57.26,51.859,1,1,1
205,5,255.52,150.21,57.26,51.859,1,1,1
206,5,255.13,151.52,57.26,51.859,1,1,1
207,5,254.74,152.83,57.26,51.859,1,1,1
208,5,254.36,154.15,57.26,51.859,1,1,1
209,5,253.97,155.46,57.26,51.859,1,1,1
210,5,253.59,156.77,57.26,51.859,1,1,1
211,5,253.2,158.08,57.26,51.859,1,1,1
212,5,252.82,159.39,57.26,51.859,1,1,1
213,5,252.43,160.71,57.26,51.859,1,1,1
214,5,252.04,162.02,57.26,51.859,1,1,1
215,5,252.04,163.5,57.26,51.859,1,1,1
216,5,252.04,164.99,57.26,51.859,1,1,1
217,5,252.04,166.47,57.26,51.859,1,1,1
218,5,252.04,167.96,57.26,51.859,1,1,1
219,5,252.04,169.45,57.26,51.859,1,1,1
220,5,252.04,170.93,57.26,51.859,1,1,1
221,5,252.04,172.42,57.26,51.859,1,1,1
222,5,252.04,173.9,57.26,51.859,1,1,1
223,5,251.23,174.31,57.26,51.859,1,1,1
224,5,250.42,174.71,57.26,51.859,1,1,1
225,5,249.61,175.12,57.26,51.859,1,1,1
226,5,248.8,175.52,57.26,51.859,1,1,1
226,6,366.56,4.2814,43.215,16.206,1,1,1
227,5,247.99,175.93,57.26,51.859,1,1,1
227,6,365.8,4.3128,43.215,17.095,1,1,1
228,5,247.18,176.33,57.26,51.859,1,1,1
228,6,365.04,4.3442,43.215,17.984,1,1,1
229,5,246.37,176.74,57.26,51.859,1,1,1
229,6,364.28,4.3757,43.215,18.872,1,1,1
230,5,245.56,177.14,57.26,51.859,1,1,1
230,6,363.52,4.4071,43.215,19.761,1,1,1
231,5,245.39,178.45,57.26,51.006,1,1,1
231,6,362.76,4.4385,43.215,20.65,1,1,1
232,5,245.22,179.76,57.26,50.153,1,1,1
232,6,362,4.47,43.215,21.539,1,1,1
233,5,245.05,181.07,57.26,49.3,1,1,1
233,6,361.24,4.5014,43.215,22.428,1,1,1
234,5,244.88,182.37,57.26,48.447,1,1,1
234,6,360.48,4.5634,43.215,23.286,1,1,1
235,5,244.71,183.68,57.26,47.594,1,1,1
235,6,359.72,4.6254,43.215,24.145,1,1,1
236,5,244.54,184.99,57.26,46.741,1,1,1
236,6,358.96,4.6874,43.215,25.003,1,1,1
237,5,244.37,186.3,57.26,45.888,1,1,1
237,6,358.2,4.7493,43.215,25.861,1,1,1
238,5,244.2,187.61,57.26,45.035,1,1,1
238,6,357.44,4.8113,43.215,26.72,1,1,1
239,5,244.03,188.91,57.26,44.182,1,1,1
239,6,356.68,4.8733,43.215,27.578,1,1,1
240,5,243.86,190.22,57.26,43.329,1,1,1
240,6,355.92,4.9353,43.215,28.436,1,1,1
241,5,243.68,191.53,57.26,42.476,1,1,1
241,6,355.16,4.9973,43.215,29.295,1,1,1
242,5,243.51,192.84,57.26,41.623,1,1,1
242,6,354.4,5.0592,43.215,30.153,1,1,1
243,5,243.34,194.14,57.26,40.77,1,1,1
243,6,353.64,5.1212,43.215,31.012,1,1,1
244,5,243.17,195.45,57.26,39.917,1,1,1
244,6,352.96,5.0132,43.215,31.209,1,1,1
245,5,243,196.76,57.26,39.064,1,1,1
245,6,352.29,4.9051,43.215,31.406,1,1,1
246,5,242.83,198.07,57.26,38.212,1,1,1
246,6,351.61,4.7971,43.215,31.603,1,1,1
247,5,242.66,199.38,57.26,37.359,1,1,1
247,6,350.93,4.689,43.215,31.801,1,1,1
248,5,242.49,200.68,57.26,36.506,1,1,1
248,6,350.25,4.581,43.215,31.998,1,1,1
249,5,242.32,201.99,57.26,35.653,1,1,1
249,6,349.58,4.4729,43.215,32.195,1,1,1
250,5,242.15,203.49,57.094,35.653,1,1,1
250,6,348.9,4.3649,43.215,32.393,1,1,1
251,5,241.99,204.98,56.928,35.653,1,1,1
251,6,348.22,4.2568,43.215,32.59,1,1,1
252,5,241.82,206.48,56.762,35.653,1,1,1
252,6,347.55,4.1488,43.215,32.787,1,1,1
253,5,241.66,207.98,56.596,35.653,1,1,1
253,6,346.87,4.0407,43.215,32.985,1,1,1
254,5,241.49,209.47,56.429,35.653,1,1,1
254,6,346.19,3.9327,43.215,33.182,1,1,1
255,5,241.32,210.97,56.263,35.653,1,1,1
255,6,345.51,3.8246,43.215,33.379,1,1,1
256,5,241.16,212.46,56.097,35.653,1,1,1
256,6,344.84,3.7165,43.215,33.577,1,1,1
257,5,240.99,213.96,55.931,35.653,1,1,1
257,6,343.57,3.888,43.215,34.776,1,1,1
258,5,240.82,215.46,55.765,35.653,1,1,1
258,6,342.3,4.0594,43.215,35.975,1,1,1
259,5,240.66,216.95,55.598,35.653,1,1,1
259,6,341.03,4.2309,43.215,37.174,1,1,1
260,5,240.49,218.45,55.432,35.653,1,1,1
260,6,339.76,4.4023,43.215,38.373,1,1,1
261,5,240.33,219.94,55.266,35.653,1,1,1
261,6,338.49,4.5738,43.215,39.572,1,1,1
262,5,240.16,221.44,55.1,35.653,1,1,1
262,6,337.23,4.7452,43.215,40.771,1,1,1
263,5,240.23,222.81,54.812,35.653,1,1,1
263,6,335.96,4.9167,43.215,41.97,1,1,1
264,5,240.3,224.18,54.523,35.653,1,1,1
264,6,335.34,5.9597,43.215,42.297,1,1,1
265,5,240.38,225.54,54.235,35.653,1,1,1
265,6,334.73,7.0027,43.215,42.625,1,1,1
266,5,240.45,226.91,53.947,35.653,1,1,1
266,6,334.11,8.0457,43.215,42.952,1,1,1
267,5,240.52,228.28,53.659,35.653,1,1,1
267,6,333.5,9.0887,43.215,43.28,1,1,1
268,5,240.59,229.65,53.371,35.653,1,1,1
268,6,332.89,10.132,43.215,43.607,1,1,1
269,5,240.66,231.02,53.083,35.653,1,1,1
269,6,332.27,11.175,43.215,43.935,1,1,1
270,5,240.74,232.39,52.795,35.653,1,1,1
270,6,331.66,12.218,43.215,44.262,1,1,1
271,5,240.81,233.76,52.507,35.653,1,1,1
271,6,331.04,13.261,43.215,44.59,1,1,1
272,5,240.88,235.12,52.219,35.653,1,1,1
272,6,330.43,14.304,43.215,44.917,1,1,1
273,5,240.95,236.49,51.931,35.653,1,1,1
273,6,329.81,15.347,43.215,45.245,1,1,1
273,7,227.19,4.2814,51.859,20.527,1,1,1
274,5,241.02,237.86,51.642,35.653,1,1,1
274,6,329.2,16.39,43.215,45.572,1,1,1
274,7,225.96,4.4357,51.859,21.762,1,1,1
275,5,241.1,239.23,51.354,35.653,1,1,1
275,6,328.58,17.433,43.215,45.9,1,1,1
275,7,224.73,4.59,51.859,22.997,1,1,1
276,5,241.17,240.6,51.066,35.653,1,1,1
276,6,327.97,18.476,43.215,46.227,1,1,1
276,7,223.49,4.7444,51.859,24.232,1,1,1
277,5,241.24,241.97,50.778,35.653,1,1,1
277,6,327.35,19.519,43.215,46.555,1,1,1
277,7,222.26,4.8987,51.859,25.466,1,1,1
278,5,241.24,243.12,50.562,35.293,1,1,1
278,6,326.74,20.562,43.215,46.882,1,1,1
278,7,221.02,5.0531,51.859,26.701,1,1,1
279,5,241.24,244.27,50.346,34.932,1,1,1
279,6,326.12,21.605,43.215,47.21,1,1,1
279,7,219.79,5.2074,51.859,27.936,1,1,1
280,5,241.24,245.42,50.13,34.572,1,1,1
280,6,325.51,22.648,43.215,47.537,1,1,1
280,7,218.55,5.3617,51.859,29.17,1,1,1
281,5,241.24,246.58,49.914,34.212,1,1,1
281,6,324.43,21.568,43.215,47.537,1,1,1
281,7,215.31,2.1206,51.859,33.492,1,1,1
282,5,241.24,247.73,49.698,33.852,1,1,1
282,6,323.62,21.838,43.215,47.537,1,1,1
282,7,215.31,2.6608,51.859,34.302,1,1,1
283,5,241.24,248.88,49.482,33.492,1,1,1
283,6,322.81,22.108,43.215,47.537,1,1,1
283,7,215.31,3.201,51.859,35.113,1,1,1
284,5,241.24,250.03,49.266,33.132,1,1,1
284,6,322,22.378,43.215,47.537,1,1,1
284,7,215.31,3.7412,51.859,35.923,1,1,1
285,5,241.24,251.19,49.05,32.772,1,1,1
285,6,321.19,22.648,43.215,47.537,1,1,1
285,7,215.31,4.2814,51.859,36.733,1,1,1
286,5,241.24,252.34,48.833,32.412,1,1,1
286,6,320.38,22.918,43.215,47.537,1,1,1
286,7,215.31,4.8215,51.859,37.543,1,1,1
287,5,241.24,253.49,48.617,32.051,1,1,1
287,6,319.57,23.188,43.215,47.537,1,1,1
287,7,215.31,5.3617,51.859,38.354,1,1,1
288,5,241.24,254.64,48.401,31.691,1,1,1
288,6,318.76,23.458,43.215,47.537,1,1,1
288,7,215.31,5.9019,51.859,39.164,1,1,1
289,5,241.24,255.8,48.185,31.331,1,1,1
289,6,317.95,23.728,43.215,47.537,1,1,1
289,7,215.31,6.4421,51.859,39.974,1,1,1
290,5,241.24,256.95,47.969,30.971,1,1,1
290,6,317.59,25.529,43.215,47.537,1,1,1
290,7,214.59,7.8826,51.859,39.974,1,1,1
291,5,241.24,258.1,47.753,30.611,1,1,1
291,6,317.23,27.33,43.215,47.537,1,1,1
291,7,213.87,9.3232,51.859,39.974,1,1,1
292,5,241.24,259.25,47.537,30.251,1,1,1
292,6,316.87,29.13,43.215,47.537,1,1,1
292,7,213.15,10.764,51.859,39.974,1,1,1
293,5,238,261.41,47.537,30.251,1,1,1
293,6,316.22,29.692,43.215,47.537,1,1,1
293,7,212.93,11.714,51.859,39.974,1,1,1
294,5,238.31,262.34,47.537,30.251,1,1,1
294,6,315.57,30.254,43.215,47.537,1,1,1
294,7,212.72,12.665,51.859,39.974,1,1,1
295,5,238.62,263.27,47.537,30.251,1,1,1
295,6,314.92,30.816,43.215,47.537,1,1,1
295,7,212.5,13.616,51.859,39.974,1,1,1
296,5,238.92,264.19,47.537,30.251,1,1,1
296,6,314.27,31.377,43.215,47.537,1,1,1
296,7,212.29,14.567,51.859,39.974,1,1,1
297,5,239.23,265.12,47.537,30.251,1,1,1
297,6,313.63,31.939,43.215,47.537,1,1,1
297,7,212.07,15.517,51.859,39.974,1,1,1
298,5,239.54,266.04,47.537,30.251,1,1,1
298,6,312.98,32.501,43.215,47.537,1,1,1
298,7,211.85,16.468,51.859,39.974,1,1,1
299,5,239.85,266.97,47.537,30.251,1,1,1
299,6,312.33,33.063,43.215,47.537,1,1,1
299,7,211.64,17.419,51.859,39.974,1,1,1
300,5,240.16,267.9,47.537,30.251,1,1,1
300,6,311.68,33.625,43.215,47.537,1,1,1
300,7,211.42,18.37,51.859,39.974,1,1,1
301,5,240.16,269.73,47.537,28.846,1,1,1
301,6,311.03,34.186,43.215,47.537,1,1,1
301,7,211.2,19.32,51.859,39.974,1,1,1
302,5,240.16,271.57,47.537,27.442,1,1,1
302,6,310.38,34.748,43.215,47.537,1,1,1
302,7,210.99,20.271,51.859,39.974,1,1,1
303,5,240.16,273.41,47.537,26.037,1,1,1
303,6,309.74,35.31,43.215,47.537,1,1,1
303,7,210.77,21.222,51.859,39.974,1,1,1
304,5,240.16,275.24,47.537,24.633,1,1,1
304,6,309.09,35.872,43.215,47.537,1,1,1
304,7,210.56,22.173,51.859,39.974,1,1,1
305,5,240.16,277.08,47.537,23.228,1,1,1
305,6,308.44,36.434,43.215,47.537,1,1,1
305,7,210.34,23.123,51.859,39.974,1,1,1
306,5,240.16,278.92,47.537,21.824,1,1,1
306,6,307.79,36.995,43.215,47.537,1,1,1
306,7,210.12,24.074,51.859,39.974,1,1,1
307,5,240.16,280.75,47.537,20.419,1,1,1
307,6,307.14,37.557,43.215,47.537,1,1,1
307,7,209.91,25.025,51.859,39.974,1,1,1
308,5,240.16,282.59,47.537,19.015,1,1,1
308,6,306.49,38.119,43.215,47.537,1,1,1
308,7,209.69,25.975,51.859,39.974,1,1,1
309,5,240.16,284.43,47.537,17.61,1,1,1
309,6,305.85,38.681,43.215,47.537,1,1,1
309,7,209.48,26.926,51.859,39.974,1,1,1
310,5,240.16,286.26,47.537,16.206,1,1,1
310,6,305.2,39.243,43.215,47.537,1,1,1
310,7,209.26,27.877,51.859,39.974,1,1,1
311,6,304.55,39.804,43.215,47.537,1,1,1
311,7,209.04,28.828,51.859,39.974,1,1,1
312,6,303.9,40.366,43.215,47.537,1,1,1
312,7,208.83,29.778,51.859,39.974,1,1,1
313,6,303.25,40.928,43.215,47.537,1,1,1
313,7,208.61,30.729,51.859,39.974,1,1,1
314,6,302.61,41.49,43.215,47.537,1,1,1
314,7,208.4,31.68,51.859,39.974,1,1,1
315,6,301.96,42.052,43.215,47.537,1,1,1
315,7,208.18,32.631,51.859,39.974,1,1,1
316,6,301.31,42.613,43.215,47.537,1,1,1
316,7,207.96,33.581,51.859,39.974,1,1,1
317,6,300.66,43.175,43.215,47.537,1,1,1
317,7,207.75,34.532,51.859,39.974,1,1,1
318,6,300.12,44.076,43.215,47.537,1,1,1
318,7,207.51,36.153,51.859,39.974,1,1,1
318,8,461.64,315.43,38.894,21.608,1,1,1
319,6,299.58,44.976,43.215,47.537,1,1,1
319,7,207.27,37.773,51.859,39.974,1,1,1
319,8,460.2,310.39,40.334,27.01,1,1,1
320,6,299.04,45.876,43.215,47.537,1,1,1
320,7,207.03,39.394,51.859,39.974,1,1,1
320,8,458.76,305.35,41.775,32.412,1,1,1
321,6,298.5,46.777,43.215,47.537,1,1,1
321,7,206.79,41.014,51.859,39.974,1,1,1
321,8,457.32,300.31,43.215,37.814,1,1,1
322,6,297.96,47.677,43.215,47.537,1,1,1
322,7,206.55,42.635,51.859,39.974,1,1,1
322,8,456.78,298.15,44.836,37.273,1,1,1
323,6,297.42,48.577,43.215,47.537,1,1,1
323,7,206.31,44.256,51.859,39.974,1,1,1
323,8,456.24,295.99,46.457,36.733,1,1,1
324,6,296.88,49.477,43.215,47.537,1,1,1
324,7,206.07,45.876,51.859,39.974,1,1,1
324,8,457.86,288.87,46.006,45.376,1,1,1
325,6,296.34,50.378,43.215,47.537,1,1,1
325,7,205.83,47.497,51.859,39.974,1,1,1
325,8,458.3,286.47,45.556,45.769,1,1,1
326,6,295.8,51.278,43.215,47.537,1,1,1
326,7,205.59,49.117,51.859,39.974,1,1,1
326,8,458.74,284.08,45.106,46.162,1,1,1
327,6,295.26,52.178,43.215,47.537,1,1,1
327,7,205.35,50.738,51.859,39.974,1,1,1
327,8,459.18,281.68,44.656,46.555,1,1,1
328,6,294.72,53.079,43.215,47.537,1,1,1
328,7,205.11,52.359,51.859,39.974,1,1,1
328,8,459.62,279.28,44.206,46.948,1,1,1
329,6,294.18,53.979,43.215,47.537,1,1,1
329,7,204.87,53.979,51.859,39.974,1,1,1
329,8,460.07,276.88,43.756,47.341,1,1,1
330,6,293.64,54.879,43.215,47.537,1,1,1
330,7,204.63,55.6,51.859,39.974,1,1,1
330,8,460.51,274.48,43.305,47.733,1,1,1
331,6,293.1,55.78,43.215,47.537,1,1,1
331,7,204.39,57.22,51.859,39.974,1,1,1
331,8,460.95,272.09,42.855,48.126,1,1,1
332,6,292.56,56.68,43.215,47.537,1,1,1
332,7,204.15,58.841,51.859,39.974,1,1,1
332,8,461.39,269.69,42.405,48.519,1,1,1
333,6,292.02,57.58,43.215,47.537,1,1,1
333,7,203.91,60.461,51.859,39.974,1,1,1
333,8,461.83,267.29,41.955,48.912,1,1,1
334,6,291.48,58.481,43.215,47.537,1,1,1
334,7,203.67,62.082,51.859,39.974,1,1,1
334,8,462.28,264.89,41.505,49.305,1,1,1
335,6,290.94,59.381,43.215,47.537,1,1,1
335,7,203.43,63.703,51.859,39.974,1,1,1
335,8,462.72,262.49,41.055,49.698,1,1,1
336,6,289.64,60.245,43.215,47.537,1,1,1
336,7,203.43,64.351,51.859,39.974,1,1,1
336,8,462.99,259.32,41.055,49.698,1,1,1
337,6,288.34,61.11,43.215,47.537,1,1,1
337,7,203.43,64.999,51.859,39.974,1,1,1
337,8,463.26,256.15,41.055,49.698,1,1,1
338,6,287.05,61.974,43.215,47.537,1,1,1
338,7,203.43,65.647,51.859,39.974,1,1,1
338,8,463.53,252.97,41.055,49.698,1,1,1
339,6,285.75,62.838,43.215,47.537,1,1,1
339,7,203.43,66.295,51.859,39.974,1,1,1
339,8,463.8,249.8,41.055,49.698,1,1,1
340,6,284.45,63.703,43.215,47.537,1,1,1
340,7,203.43,66.944,51.859,39.974,1,1,1
340,8,464.07,246.63,41.055,49.698,1,1,1
341,6,284.45,64.918,43.215,47.537,1,1,1
341,7,203.02,68.294,51.859,39.974,1,1,1
341,8,464.34,243.45,41.055,49.698,1,1,1
342,6,284.45,66.133,43.215,47.537,1,1,1
342,7,202.62,69.645,51.859,39.974,1,1,1
342,8,464.61,240.28,41.055,49.698,1,1,1
343,6,284.45,67.349,43.215,47.537,1,1,1
343,7,202.21,70.995,51.859,39.974,1,1,1
343,8,464.88,237.1,41.055,49.698,1,1,1
344,6,284.45,68.564,43.215,47.537,1,1,1
344,7,201.81,72.346,51.859,39.974,1,1,1
344,8,465.15,233.93,41.055,49.698,1,1,1
345,6,284.45,69.78,43.215,47.537,1,1,1
345,7,201.4,73.696,51.859,39.974,1,1,1
345,8,465.42,230.76,41.055,49.698,1,1,1
346,6,284.45,70.995,43.215,47.537,1,1,1
346,7,201,75.047,51.859,39.974,1,1,1
346,8,465.69,227.58,41.055,49.698,1,1,1
347,6,284.45,72.211,43.215,47.537,1,1,1
347,7,200.59,76.397,51.859,39.974,1,1,1
347,8,465.96,224.41,41.055,49.698,1,1,1
348,6,284.45,73.426,43.215,47.537,1,1,1
348,7,200.18,77.748,51.859,39.974,1,1,1
348,8,466.23,221.24,41.055,49.698,1,1,1
349,6,284.07,73.812,43.215,47.537,1,1,1
349,7,200.34,78.905,51.859,39.974,1,1,1
349,8,466.5,218.06,41.055,49.698,1,1,1
350,6,283.68,74.198,43.215,47.537,1,1,1
350,7,200.49,80.063,51.859,39.974,1,1,1
350,8,466.77,214.89,41.055,49.698,1,1,1
351,6,283.3,74.584,43.215,47.537,1,1,1
351,7,200.65,81.22,51.859,39.974,1,1,1
351,8,467.04,211.72,41.055,49.698,1,1,1
352,6,282.91,74.969,43.215,47.537,1,1,1
352,7,200.8,82.378,51.859,39.974,1,1,1
352,8,467.47,208.04,41.055,50.202,1,1,1
353,6,282.53,75.355,43.215,47.537,1,1,1
353,7,200.96,83.535,51.859,39.974,1,1,1
353,8,467.9,204.37,41.055,50.706,1,1,1
354,6,282.14,75.741,43.215,47.537,1,1,1
354,7,201.11,84.693,51.859,39.974,1,1,1
354,8,468.34,200.7,41.055,51.21,1,1,1
355,6,281.75,76.127,43.215,47.537,1,1,1
355,7,201.27,85.85,51.859,39.974,1,1,1
355,8,468.77,197.02,41.055,51.714,1,1,1
356,6,281.37,76.513,43.215,47.537,1,1,1
356,7,201.42,87.008,51.859,39.974,1,1,1
356,8,469.2,193.35,41.055,52.219,1,1,1
357,6,280.98,76.899,43.215,47.537,1,1,1
357,7,201.57,88.166,51.859,39.974,1,1,1
357,8,469.63,189.68,41.055,52.723,1,1,1
358,6,280.6,77.285,43.215,47.537,1,1,1
358,7,201.73,89.323,51.859,39.974,1,1,1
358,8,470.07,186,41.055,53.227,1,1,1
359,6,280.21,77.67,43.215,47.537,1,1,1
359,7,201.88,90.481,51.859,39.974,1,1,1
359,8,470.5,182.33,41.055,53.731,1,1,1
360,6,279.82,78.056,43.215,47.537,1,1,1
360,7,202.04,91.638,51.859,39.974,1,1,1
360,8,470.93,178.66,41.055,54.235,1,1,1
361,6,279.44,78.442,43.215,47.537,1,1,1
361,7,202.19,92.796,51.859,39.974,1,1,1
361,8,471.36,174.98,41.055,54.74,1,1,1
362,6,279.05,78.828,43.215,47.537,1,1,1
362,7,202.35,93.953,51.859,39.974,1,1,1
362,8,471.79,171.31,41.055,55.244,1,1,1
363,6,278.31,79.503,43.08,47.402,1,1,1
363,7,203.22,95.304,50.846,38.826,1,1,1
363,8,472.23,167.64,41.055,55.748,1,1,1
364,6,277.57,80.178,42.945,47.267,1,1,1
364,7,204.1,96.654,49.833,37.678,1,1,1
364,8,472.66,163.96,41.055,56.252,1,1,1
365,6,276.82,80.854,42.81,47.132,1,1,1
365,7,204.98,98.005,48.82,36.531,1,1,1
365,8,473.09,160.29,41.055,56.756,1,1,1
366,6,276.08,81.529,42.675,46.997,1,1,1
366,7,205.86,99.355,47.807,35.383,1,1,1
366,8,473.52,156.62,41.055,57.26,1,1,1
367,6,275.34,82.204,42.54,46.862,1,1,1
367,7,206.73,100.71,46.794,34.235,1,1,1
367,8,473.25,153.01,41.055,57.441,1,1,1
368,6,274.6,82.879,42.405,46.727,1,1,1
368,7,207.61,102.06,45.781,33.087,1,1,1
368,8,472.98,149.41,41.055,57.621,1,1,1
369,6,273.85,83.555,42.27,46.592,1,1,1
369,7,208.49,103.41,44.768,31.939,1,1,1
369,8,472.71,145.81,41.055,57.801,1,1,1
370,6,273.11,84.23,42.135,46.457,1,1,1
370,7,209.37,104.76,43.756,30.791,1,1,1
370,8,472.44,142.21,41.055,57.981,1,1,1
371,6,272.37,84.905,42,46.322,1,1,1
371,7,210.25,106.11,42.743,29.643,1,1,1
371,8,472.17,138.61,41.055,58.161,1,1,1
372,6,271.63,85.58,41.865,46.186,1,1,1
372,7,211.12,107.46,41.73,28.495,1,1,1
372,8,471.9,135.01,41.055,58.341,1,1,1
373,6,270.88,86.256,41.73,46.051,1,1,1
373,7,212,108.81,40.717,27.347,1,1,1
373,8,471.63,131.41,41.055,58.521,1,1,1
374,6,270.14,86.931,41.595,45.916,1,1,1
374,7,212.88,110.16,39.704,26.199,1,1,1
374,8,471.36,127.81,41.055,58.701,1,1,1
375,6,269.4,87.606,41.46,45.781,1,1,1
375,7,213.76,111.51,38.691,25.051,1,1,1
375,8,471.09,124.2,41.055,58.881,1,1,1
376,6,268.65,88.281,41.325,45.646,1,1,1
376,7,214.64,112.86,37.678,23.904,1,1,1
376,8,470.82,120.6,41.055,59.061,1,1,1
377,6,267.91,88.957,41.19,45.511,1,1,1
377,7,215.51,114.21,36.666,22.756,1,1,1
377,8,470.55,117,41.055,59.241,1,1,1
378,6,267.17,89.632,41.055,45.376,1,1,1
378,7,216.39,115.56,35.653,21.608,1,1,1
378,8,470.28,113.4,41.055,59.421,1,1,1
379,6,266.32,90.172,41.055,45.376,1,1,1
379,7,216.7,116.72,34.727,21.608,1,1,1
379,8,470.01,110.16,41.055,59.421,1,1,1
380,6,265.47,90.712,41.055,45.376,1,1,1
380,7,217.01,117.88,33.801,21.608,1,1,1
380,8,469.74,106.92,41.055,59.421,1,1,1
381,6,264.62,91.252,41.055,45.376,1,1,1
381,7,217.32,119.03,32.875,21.608,1,1,1
381,8,469.47,103.68,41.055,59.421,1,1,1
382,6,263.77,91.793,41.055,45.376,1,1,1
382,7,217.63,120.19,31.949,21.608,1,1,1
382,8,469.2,100.44,41.055,59.421,1,1,1
383,6,262.92,92.333,41.055,45.376,1,1,1
383,7,217.93,121.35,31.023,21.608,1,1,1
383,8,468.93,97.195,41.055,59.421,1,1,1
384,6,262.08,92.873,41.055,45.376,1,1,1
384,7,218.24,122.51,30.096,21.608,1,1,1
384,8,468.66,93.953,41.055,59.421,1,1,1
385,6,261.23,93.413,41.055,45.376,1,1,1
385,7,218.55,123.66,29.17,21.608,1,1,1
385,8,468.39,90.712,41.055,59.421,1,1,1
386,6,260.38,93.953,41.055,45.376,1,1,1
386,7,218.86,124.82,28.244,21.608,1,1,1
386,8,468.12,87.471,41.055,59.421,1,1,1
387,6,259.53,94.494,41.055,45.376,1,1,1
387,7,219.17,125.98,27.318,21.608,1,1,1
387,8,467.85,84.23,41.055,59.421,1,1,1
388,6,258.68,95.034,41.055,45.376,1,1,1
388,7,219.48,127.14,26.392,21.608,1,1,1
388,8,467.58,80.989,41.055,59.421,1,1,1
389,6,257.83,95.574,41.055,45.376,1,1,1
389,7,219.79,128.29,25.466,21.608,1,1,1
389,8,467.31,77.748,41.055,59.421,1,1,1
390,6,256.98,96.114,41.055,45.376,1,1,1
390,7,220.09,129.45,24.54,21.608,1,1,1
390,8,467.04,74.506,41.055,59.421,1,1,1
391,6,256.13,96.654,41.055,45.376,1,1,1
391,7,220.4,130.61,23.614,21.608,1,1,1
391,8,466.77,71.265,41.055,59.421,1,1,1
392,6,255.28,97.195,41.055,45.376,1,1,1
392,7,220.71,131.77,22.688,21.608,1,1,1
392,8,466.5,68.024,41.055,59.421,1,1,1
393,6,254.59,97.889,41.055,45.376,1,1,1
393,7,219.25,132.71,23.699,22.13,1,1,1
393,8,466.23,64.783,41.055,59.421,1,1,1
394,6,253.9,98.584,41.055,45.376,1,1,1
394,7,217.78,133.65,24.709,22.653,1,1,1
394,8,465.96,61.542,41.055,59.421,1,1,1
395,6,253.2,99.278,41.055,45.376,1,1,1
395,7,216.32,134.59,25.72,23.176,1,1,1
395,8,465.38,58.157,40.911,59.421,1,1,1
396,6,252.51,99.973,41.055,45.376,1,1,1
396,7,214.86,135.53,26.731,23.699,1,1,1
396,8,464.81,54.771,40.767,59.421,1,1,1
397,6,251.81,100.67,41.055,45.376,1,1,1
397,7,213.39,136.47,27.742,24.222,1,1,1
397,8,464.23,51.386,40.623,59.421,1,1,1
398,6,251.12,101.36,41.055,45.376,1,1,1
398,7,211.93,137.41,28.752,24.744,1,1,1
398,8,463.65,48.001,40.478,59.421,1,1,1
399,6,250.42,102.06,41.055,45.376,1,1,1
399,7,210.47,138.35,29.763,25.267,1,1,1
399,8,463.08,44.616,40.334,59.421,1,1,1
400,6,249.73,102.75,41.055,45.376,1,1,1
400,7,209,139.29,30.774,25.79,1,1,1
400,8,462.5,41.231,40.19,59.421,1,1,1
401,6,249.03,103.45,41.055,45.376,1,1,1
401,7,207.54,140.24,31.784,26.313,1,1,1
401,8,461.93,37.845,40.046,59.421,1,1,1
402,6,248.34,104.14,41.055,45.376,1,1,1
402,7,206.07,141.18,32.795,26.835,1,1,1
402,9,122.4,49.658,41.055,45.376,1,1,1
402,8,461.35,34.46,39.902,59.421,1,1,1
403,6,247.64,104.83,41.055,45.376,1,1,1
403,7,204.61,142.12,33.806,27.358,1,1,1
403,9,121.86,49.658,40.514,43.486,1,1,1
403,8,460.77,31.075,39.758,59.421,1,1,1
404,6,246.95,105.53,41.055,45.376,1,1,1
404,7,203.15,143.06,34.816,27.881,1,1,1
404,9,121.32,49.658,39.974,41.595,1,1,1
404,8,460.2,27.69,39.614,59.421,1,1,1
405,6,246.26,106.22,41.055,45.376,1,1,1
405,7,201.68,144,35.827,28.404,1,1,1
405,9,120.78,49.658,39.434,39.704,1,1,1
405,8,459.62,24.305,39.47,59.421,1,1,1
406,6,245.56,106.92,41.055,45.376,1,1,1
406,7,200.22,144.94,36.838,28.926,1,1,1
406,9,120.24,49.658,38.894,37.814,1,1,1
406,8,459.05,20.919,39.326,59.421,1,1,1
407,6,244.67,107.74,41.055,45.376,1,1,1
407,7,198.76,145.88,37.848,29.449,1,1,1
407,9,120.24,51.119,39.021,38.258,1,1,1
407,8,458.47,17.534,39.182,59.421,1,1,1
408,6,243.78,108.57,41.055,45.376,1,1,1
408,7,197.29,146.82,38.859,29.972,1,1,1
408,9,120.24,52.581,39.148,38.703,1,1,1
408,8,457.89,14.149,39.038,59.421,1,1,1
409,6,242.89,109.4,41.055,45.376,1,1,1
409,7,195.83,147.76,39.87,30.495,1,1,1
409,9,120.24,54.043,39.275,39.148,1,1,1
409,8,457.32,10.764,38.894,59.421,1,1,1
410,6,242,110.22,41.055,45.376,1,1,1
410,7,194.36,148.7,40.88,31.018,1,1,1
410,9,120.24,55.504,39.402,39.593,1,1,1
410,8,456.88,9.3514,38.894,55.254,1,1,1
411,6,241.11,111.05,41.055,45.376,1,1,1
411,7,192.9,149.65,41.891,31.54,1,1,1
411,9,120.24,56.966,39.529,40.038,1,1,1
411,8,456.45,7.9392,38.894,51.087,1,1,1
412,6,240.22,111.88,41.055,45.376,1,1,1
412,7,191.44,150.59,42.902,32.063,1,1,1
412,9,120.24,58.428,39.657,40.483,1,1,1
412,8,456.01,6.527,38.894,46.92,1,1,1
413,6,239.33,112.7,41.055,45.376,1,1,1
413,7,189.97,151.53,43.912,32.586,1,1,1
413,9,120.24,59.889,39.784,40.928,1,1,1
413,8,455.58,5.1148,38.894,42.752,1,1,1
414,6,238.44,113.53,41.055,45.376,1,1,1
414,7,188.51,152.47,44.923,33.109,1,1,1
414,9,120.24,61.351,39.911,41.372,1,1,1
414,8,455.14,3.7026,38.894,38.585,1,1,1
415,6,237.55,114.35,41.055,45.376,1,1,1
415,7,187.05,153.41,45.934,33.631,1,1,1
415,9,120.24,62.813,40.038,41.817,1,1,1
415,8,455.15,3.992,38.894,34.418,1,1,1
416,6,236.66,115.18,41.055,45.376,1,1,1
416,7,185.58,154.35,46.945,34.154,1,1,1
416,9,120.24,64.275,40.165,42.262,1,1,1
416,8,455.16,4.2814,38.894,30.251,1,1,1
417,6,235.77,116.01,41.055,45.376,1,1,1
417,7,184.12,155.29,47.955,34.677,1,1,1
417,9,120.24,65.736,40.292,42.707,1,1,1
417,8,455.16,4.2814,38.894,27.01,1,1,1
418,6,234.88,116.83,41.055,45.376,1,1,1
418,7,182.65,156.23,48.966,35.2,1,1,1
418,9,120.24,67.198,40.419,43.152,1,1,1
418,8,455.16,4.2814,38.894,23.768,1,1,1
419,6,233.99,117.66,41.055,45.376,1,1,1
419,7,181.19,157.17,49.977,35.722,1,1,1
419,9,120.24,68.66,40.546,43.597,1,1,1
419,8,455.16,4.2814,38.894,17.749,1,1,1
420,6,233.1,118.48,41.055,45.376,1,1,1
420,7,179.73,158.11,50.987,36.245,1,1,1
420,9,120.24,70.121,40.673,44.042,1,1,1
420,8,455.16,4.2814,38.894,12.229,1,1,1
421,6,232.22,119.31,41.055,45.376,1,1,1
421,7,178.26,159.06,51.998,36.768,1,1,1
421,9,120.24,71.583,40.8,44.486,1,1,1
422,6,231.33,120.14,41.055,45.376,1,1,1
422,7,176.8,160,53.009,37.291,1,1,1
422,9,120.24,73.045,40.928,44.931,1,1,1
422,8,455.16,2.7185,38.894,1.5628,1,1,1
423,6,230.44,120.96,41.055,45.376,1,1,1
423,7,175.34,160.94,54.019,37.814,1,1,1
423,9,120.24,74.506,41.055,45.376,1,1,1
424,6,230.44,120.96,41.055,45.376,1,1,1
424,7,175.12,162.45,54.019,37.814,1,1,1
424,9,119.28,75.707,41.055,45.376,1,1,1
425,6,230.44,120.96,41.055,45.376,1,1,1
425,7,174.9,163.96,54.019,37.814,1,1,1
425,9,118.32,76.907,41.055,45.376,1,1,1
426,6,230.44,120.96,41.055,45.376,1,1,1
426,7,174.69,165.47,54.019,37.814,1,1,1
426,9,117.36,78.108,41.055,45.376,1,1,1
427,6,230.44,120.96,41.055,45.376,1,1,1
427,7,174.47,166.99,54.019,37.814,1,1,1
427,9,116.39,79.308,41.055,45.376,1,1,1
428,6,230.44,120.96,41.055,45.376,1,1,1
428,7,174.26,168.5,54.019,37.814,1,1,1
428,9,115.43,80.509,41.055,45.376,1,1,1
429,6,230.44,120.96,41.055,45.376,1,1,1
429,7,174.26,169.31,54.019,37.814,1,1,1
429,9,114.47,81.709,41.055,45.376,1,1,1
430,6,230.44,120.96,41.055,45.376,1,1,1
430,7,174.26,170.12,54.019,37.814,1,1,1
430,9,113.51,82.909,41.055,45.376,1,1,1
431,6,230.44,120.96,41.055,45.376,1,1,1
431,7,174.26,170.93,54.019,37.814,1,1,1
431,9,112.55,84.11,41.055,45.376,1,1,1
432,6,230.44,120.96,41.055,45.376,1,1,1
432,7,174.26,171.74,54.019,37.814,1,1,1
432,9,111.59,85.31,41.055,45.376,1,1,1
