1,233,376.04,173.18,32.83,30.70,1,-1,-1,-1
1,232,364.70,235.37,37.29,31.59,1,-1,-1,-1
1,231,264.58,226.49,36.95,33.89,1,-1,-1,-1
2,233,374.69,173.51,33.43,31.07,1,-1,-1,-1
2,232,360.38,234.95,39.15,32.67,1,-1,-1,-1
2,231,262.75,225.77,36.19,34.12,1,-1,-1,-1
3,233,373.22,174.63,32.85,30.21,1,-1,-1,-1
3,232,359.45,235.69,37.81,31.51,1,-1,-1,-1
3,231,260.90,226.24,35.40,33.53,1,-1,-1,-1
4,233,373.00,174.87,32.74,29.95,1,-1,-1,-1
4,232,359.52,235.91,37.33,31.08,1,-1,-1,-1
4,231,260.69,226.37,35.14,33.37,1,-1,-1,-1
5,233,371.42,175.13,33.02,30.08,1,-1,-1,-1
5,232,357.73,235.68,38.29,31.94,1,-1,-1,-1
5,231,258.95,226.86,35.49,33.68,1,-1,-1,-1
6,233,369.67,175.85,32.91,30.07,1,-1,-1,-1
6,232,355.43,235.35,38.68,32.51,1,-1,-1,-1
6,231,257.16,227.23,35.65,33.92,1,-1,-1,-1
7,233,366.83,175.32,33.87,30.96,1,-1,-1,-1
7,232,353.58,235.56,38.20,32.36,1,-1,-1,-1
7,231,255.51,227.44,34.92,33.48,1,-1,-1,-1
8,233,364.39,174.82,34.94,31.99,1,-1,-1,-1
8,232,351.52,235.20,38.30,32.91,1,-1,-1,-1
8,231,253.40,227.13,34.99,33.51,1,-1,-1,-1
9,233,362.43,173.96,36.08,32.96,1,-1,-1,-1
9,232,349.32,234.89,38.65,32.95,1,-1,-1,-1
9,231,251.25,226.46,35.92,33.92,1,-1,-1,-1
10,233,361.66,173.54,36.76,33.51,1,-1,-1,-1
10,232,348.48,234.81,38.98,33.02,1,-1,-1,-1
10,231,250.39,226.16,36.52,34.16,1,-1,-1,-1
11,233,360.78,173.51,35.99,32.91,1,-1,-1,-1
11,232,347.28,235.65,38.45,32.44,1,-1,-1,-1
11,231,248.71,226.03,36.40,34.23,1,-1,-1,-1
12,233,359.04,173.96,36.11,32.46,1,-1,-1,-1
12,232,345.64,236.06,38.49,32.27,1,-1,-1,-1
12,231,247.08,226.37,36.18,34.08,1,-1,-1,-1
13,233,357.89,174.21,35.44,32.10,1,-1,-1,-1
13,232,343.43,236.03,38.36,32.07,1,-1,-1,-1
13,231,245.06,226.57,36.14,34.16,1,-1,-1,-1
14,233,356.31,174.20,35.10,31.95,1,-1,-1,-1
14,232,342.25,235.70,37.70,31.76,1,-1,-1,-1
14,231,243.28,226.70,36.11,33.91,1,-1,-1,-1
15,233,355.03,174.07,34.85,32.00,1,-1,-1,-1
15,232,341.23,235.65,37.20,31.53,1,-1,-1,-1
15,231,241.61,226.56,36.23,33.78,1,-1,-1,-1
16,233,354.65,173.98,34.67,32.05,1,-1,-1,-1
16,232,340.92,235.59,36.98,31.53,1,-1,-1,-1
16,231,241.06,226.58,36.31,33.71,1,-1,-1,-1
17,233,353.67,173.98,34.50,32.07,1,-1,-1,-1
17,232,339.28,234.50,37.33,31.96,1,-1,-1,-1
17,231,239.78,225.92,36.16,33.82,1,-1,-1,-1
18,233,352.60,173.18,34.14,31.93,1,-1,-1,-1
18,232,336.61,234.04,38.21,32.32,1,-1,-1,-1
18,231,238.33,225.31,35.89,33.76,1,-1,-1,-1
19,233,351.00,172.82,33.63,31.70,1,-1,-1,-1
19,232,335.00,233.67,38.83,32.72,1,-1,-1,-1
19,231,236.49,225.63,35.56,33.42,1,-1,-1,-1
20,233,350.18,173.18,33.08,31.11,1,-1,-1,-1
20,232,333.70,233.86,39.02,32.71,1,-1,-1,-1
20,231,234.99,226.08,35.74,33.34,1,-1,-1,-1
21,233,349.07,173.10,32.92,30.74,1,-1,-1,-1
21,232,331.44,233.63,39.49,32.84,1,-1,-1,-1
21,231,233.16,225.72,36.18,33.48,1,-1,-1,-1
22,233,348.72,173.13,32.80,30.47,1,-1,-1,-1
22,232,330.56,233.52,39.83,32.92,1,-1,-1,-1
22,231,232.45,225.56,36.49,33.58,1,-1,-1,-1
23,233,347.25,173.08,32.84,30.38,1,-1,-1,-1
23,232,329.41,233.19,40.16,33.14,1,-1,-1,-1
23,231,231.54,225.60,36.37,33.45,1,-1,-1,-1
24,233,345.64,173.27,32.77,30.37,1,-1,-1,-1
24,232,328.29,233.05,40.14,33.27,1,-1,-1,-1
24,231,230.20,225.35,36.39,33.49,1,-1,-1,-1
25,233,344.25,172.90,32.47,30.20,1,-1,-1,-1
25,232,327.09,233.04,39.36,32.97,1,-1,-1,-1
25,231,229.07,224.98,36.09,33.28,1,-1,-1,-1
26,233,343.09,173.10,32.35,30.11,1,-1,-1,-1
26,232,325.27,232.86,39.70,33.18,1,-1,-1,-1
26,231,227.49,224.56,35.83,33.28,1,-1,-1,-1
27,233,341.61,173.31,32.56,30.37,1,-1,-1,-1
27,232,323.73,233.04,39.94,33.21,1,-1,-1,-1
27,231,226.22,224.68,35.83,33.44,1,-1,-1,-1
28,233,341.01,173.33,32.73,30.58,1,-1,-1,-1
28,232,323.15,233.17,40.13,33.24,1,-1,-1,-1
28,231,225.35,225.19,36.13,33.40,1,-1,-1,-1
29,233,340.11,173.03,33.03,30.87,1,-1,-1,-1
29,232,322.37,233.20,40.04,33.06,1,-1,-1,-1
29,231,224.36,224.96,35.68,33.11,1,-1,-1,-1
30,233,339.19,172.55,33.20,31.09,1,-1,-1,-1
30,232,320.67,232.88,39.84,32.75,1,-1,-1,-1
30,231,222.99,224.82,35.55,33.16,1,-1,-1,-1
31,233,337.58,172.36,33.57,31.34,1,-1,-1,-1
31,232,318.65,232.83,39.83,32.69,1,-1,-1,-1
31,231,221.32,225.08,35.95,33.30,1,-1,-1,-1
32,233,336.44,173.01,33.50,31.10,1,-1,-1,-1
32,232,317.08,232.97,39.79,32.80,1,-1,-1,-1
32,231,219.76,225.73,35.77,33.02,1,-1,-1,-1
33,233,334.55,173.25,33.37,30.87,1,-1,-1,-1
33,232,315.60,232.73,39.53,32.77,1,-1,-1,-1
33,231,217.96,225.41,35.50,32.97,1,-1,-1,-1
34,233,333.90,173.39,33.26,30.70,1,-1,-1,-1
34,232,315.13,232.65,39.34,32.75,1,-1,-1,-1
34,231,217.34,225.31,35.30,32.94,1,-1,-1,-1
35,233,332.76,173.20,32.97,30.46,1,-1,-1,-1
35,232,314.20,232.41,39.09,32.82,1,-1,-1,-1
35,231,215.98,224.78,34.98,32.70,1,-1,-1,-1
36,233,331.61,173.54,33.19,30.68,1,-1,-1,-1
36,232,312.41,232.86,39.64,33.36,1,-1,-1,-1
36,231,214.33,225.23,35.48,32.83,1,-1,-1,-1
37,233,330.32,174.31,33.78,30.99,1,-1,-1,-1
37,232,310.99,233.39,39.88,33.57,1,-1,-1,-1
37,231,213.05,225.08,35.39,32.90,1,-1,-1,-1
38,233,328.88,174.33,33.97,31.11,1,-1,-1,-1
38,232,309.69,233.98,39.65,33.30,1,-1,-1,-1
38,231,211.63,225.30,35.92,33.15,1,-1,-1,-1
39,233,327.48,174.22,34.57,31.69,1,-1,-1,-1
39,232,307.96,234.56,39.42,33.30,1,-1,-1,-1
39,231,209.87,225.62,36.66,33.62,1,-1,-1,-1
40,233,326.89,174.17,34.95,32.03,1,-1,-1,-1
40,232,307.18,234.85,39.38,33.31,1,-1,-1,-1
40,231,209.11,225.67,37.23,33.96,1,-1,-1,-1
41,233,325.58,175.08,34.54,31.55,1,-1,-1,-1
41,232,305.68,235.57,39.03,33.20,1,-1,-1,-1
41,231,207.43,226.31,37.33,34.16,1,-1,-1,-1
42,233,324.54,176.06,34.12,31.06,1,-1,-1,-1
42,232,304.39,235.87,38.89,33.38,1,-1,-1,-1
42,231,206.01,226.37,37.26,34.15,1,-1,-1,-1
43,233,323.27,177.19,33.86,30.50,1,-1,-1,-1
43,232,303.12,236.59,38.77,33.59,1,-1,-1,-1
43,231,204.15,226.64,36.88,34.03,1,-1,-1,-1
44,233,321.92,178.13,33.49,30.27,1,-1,-1,-1
44,232,300.96,237.50,39.21,33.54,1,-1,-1,-1
44,231,202.92,227.19,36.65,34.03,1,-1,-1,-1
45,233,320.28,178.64,33.67,30.33,1,-1,-1,-1
45,232,299.16,238.07,39.52,33.58,1,-1,-1,-1
45,231,201.39,227.72,36.32,33.81,1,-1,-1,-1
46,233,319.68,178.89,33.78,30.32,1,-1,-1,-1
46,232,298.47,238.26,39.75,33.62,1,-1,-1,-1
46,231,200.88,227.96,36.10,33.65,1,-1,-1,-1
47,233,318.09,179.72,34.04,30.64,1,-1,-1,-1
47,232,297.03,238.97,39.93,33.81,1,-1,-1,-1
47,231,198.70,228.89,36.90,34.01,1,-1,-1,-1
48,233,316.61,180.41,34.32,31.06,1,-1,-1,-1
48,232,294.54,240.28,40.50,34.03,1,-1,-1,-1
48,231,196.74,229.72,36.91,34.07,1,-1,-1,-1
49,233,315.38,180.82,34.38,31.32,1,-1,-1,-1
49,232,292.43,240.47,40.66,34.27,1,-1,-1,-1
49,231,195.26,230.44,36.74,34.12,1,-1,-1,-1
50,233,313.79,181.73,34.79,31.88,1,-1,-1,-1
50,232,290.79,241.68,40.57,34.53,1,-1,-1,-1
50,231,193.28,231.24,37.47,34.68,1,-1,-1,-1
51,233,312.39,184.31,34.20,31.45,1,-1,-1,-1
51,232,289.61,242.87,40.48,34.60,1,-1,-1,-1
51,231,191.94,232.73,37.36,34.36,1,-1,-1,-1
52,233,312.00,185.35,33.76,31.13,1,-1,-1,-1
52,232,289.22,243.29,40.41,34.65,1,-1,-1,-1
52,231,191.51,233.34,37.27,34.12,1,-1,-1,-1
53,233,310.93,186.51,34.49,31.14,1,-1,-1,-1
53,232,287.96,244.21,40.66,34.83,1,-1,-1,-1
53,231,190.01,233.98,37.35,33.96,1,-1,-1,-1
54,233,309.23,187.60,34.12,31.10,1,-1,-1,-1
54,232,286.67,245.67,40.37,34.73,1,-1,-1,-1
54,231,188.00,234.97,37.18,33.78,1,-1,-1,-1
55,233,307.85,188.41,34.30,31.38,1,-1,-1,-1
55,232,285.61,247.74,40.17,34.38,1,-1,-1,-1
55,231,187.03,236.79,36.98,33.77,1,-1,-1,-1
56,233,305.92,189.42,34.57,31.72,1,-1,-1,-1
56,232,283.43,248.88,40.56,34.54,1,-1,-1,-1
56,231,185.72,238.13,36.77,33.70,1,-1,-1,-1
57,233,304.53,190.11,34.92,32.09,1,-1,-1,-1
57,232,281.28,249.79,40.73,34.69,1,-1,-1,-1
57,231,184.41,239.07,36.53,33.82,1,-1,-1,-1
58,233,303.98,190.29,35.17,32.34,1,-1,-1,-1
58,232,280.48,250.08,40.86,34.81,1,-1,-1,-1
58,231,184.00,239.38,36.35,33.92,1,-1,-1,-1
59,233,303.56,191.38,35.07,32.49,1,-1,-1,-1
59,232,278.84,250.98,40.61,34.76,1,-1,-1,-1
59,231,182.47,240.31,36.24,34.06,1,-1,-1,-1
60,233,302.72,192.79,34.89,32.48,1,-1,-1,-1
60,232,277.37,252.17,40.45,34.84,1,-1,-1,-1
60,231,180.83,241.92,36.42,34.11,1,-1,-1,-1
61,233,301.37,194.24,34.69,32.35,1,-1,-1,-1
61,232,276.21,252.99,41.05,35.18,1,-1,-1,-1
61,231,179.42,242.86,36.58,34.12,1,-1,-1,-1
62,233,300.38,196.90,34.22,31.79,1,-1,-1,-1
62,232,275.19,254.56,41.06,35.09,1,-1,-1,-1
62,231,177.21,244.10,37.05,34.25,1,-1,-1,-1
63,233,299.06,199.69,34.05,31.46,1,-1,-1,-1
63,232,274.23,257.23,40.79,34.65,1,-1,-1,-1
63,231,175.43,245.84,37.14,34.28,1,-1,-1,-1
64,233,298.58,200.80,33.93,31.24,1,-1,-1,-1
64,232,273.95,258.30,40.58,34.32,1,-1,-1,-1
64,231,174.78,246.47,37.21,34.31,1,-1,-1,-1
65,233,297.25,201.92,33.98,31.17,1,-1,-1,-1
65,232,272.27,259.44,41.13,34.63,1,-1,-1,-1
65,231,173.74,247.76,37.42,34.51,1,-1,-1,-1
66,233,296.49,202.81,34.15,31.20,1,-1,-1,-1
66,232,270.63,260.41,41.38,34.72,1,-1,-1,-1
66,231,172.77,249.00,37.31,34.49,1,-1,-1,-1
67,233,295.08,204.20,34.59,31.57,1,-1,-1,-1
67,232,268.56,261.71,41.86,35.13,1,-1,-1,-1
67,231,171.73,250.65,36.94,34.49,1,-1,-1,-1
68,233,293.88,205.70,34.52,31.81,1,-1,-1,-1
68,232,267.08,263.22,41.93,35.31,1,-1,-1,-1
68,231,170.55,252.54,36.72,34.51,1,-1,-1,-1
69,233,292.86,207.31,35.02,32.53,1,-1,-1,-1
69,232,265.61,264.63,41.85,35.56,1,-1,-1,-1
69,231,169.67,253.79,36.60,34.53,1,-1,-1,-1
70,233,292.43,207.87,35.33,33.02,1,-1,-1,-1
70,232,265.16,265.11,41.76,35.72,1,-1,-1,-1
70,231,169.36,254.25,36.53,34.52,1,-1,-1,-1
71,233,291.48,208.83,35.67,33.26,1,-1,-1,-1
71,232,264.39,266.11,41.92,35.62,1,-1,-1,-1
71,231,168.53,255.03,36.36,34.41,1,-1,-1,-1
72,233,290.31,210.87,35.94,33.03,1,-1,-1,-1
72,232,263.52,268.82,41.48,35.05,1,-1,-1,-1
72,231,167.32,256.80,36.54,34.41,1,-1,-1,-1
73,233,289.31,212.75,36.35,32.90,1,-1,-1,-1
73,232,263.05,270.60,41.19,34.96,1,-1,-1,-1
73,231,165.75,258.38,36.69,34.31,1,-1,-1,-1
74,233,288.40,214.13,36.87,32.89,1,-1,-1,-1
74,232,261.93,272.20,40.95,34.75,1,-1,-1,-1
74,231,164.74,259.71,36.53,34.02,1,-1,-1,-1
75,233,286.25,215.13,37.72,33.12,1,-1,-1,-1
75,232,261.24,273.76,40.96,34.62,1,-1,-1,-1
75,231,163.62,261.15,36.62,34.16,1,-1,-1,-1
76,233,285.32,215.42,38.35,33.28,1,-1,-1,-1
76,232,261.01,274.32,40.95,34.49,1,-1,-1,-1
76,231,163.29,261.71,36.74,34.26,1,-1,-1,-1
77,233,284.64,216.23,39.25,33.90,1,-1,-1,-1
77,232,259.93,275.42,41.22,34.62,1,-1,-1,-1
77,231,162.61,263.05,36.44,34.22,1,-1,-1,-1
78,233,283.36,217.50,39.51,34.33,1,-1,-1,-1
78,232,258.57,276.57,41.95,35.00,1,-1,-1,-1
78,231,161.67,264.19,36.46,34.47,1,-1,-1,-1
79,233,282.25,218.41,39.61,34.70,1,-1,-1,-1
79,232,257.66,277.84,41.65,34.81,1,-1,-1,-1
79,231,160.67,265.30,36.69,34.70,1,-1,-1,-1
80,233,281.63,219.93,39.23,34.65,1,-1,-1,-1
80,232,256.82,279.01,41.42,34.83,1,-1,-1,-1
80,231,159.21,266.69,37.16,35.16,1,-1,-1,-1
81,233,281.40,222.05,38.71,34.41,1,-1,-1,-1
81,232,255.60,280.83,41.49,35.07,1,-1,-1,-1
81,231,158.50,268.49,37.56,35.35,1,-1,-1,-1
82,233,281.44,222.86,38.32,34.23,1,-1,-1,-1
82,232,255.15,281.43,41.55,35.24,1,-1,-1,-1
82,231,158.24,269.13,37.83,35.46,1,-1,-1,-1
83,233,281.12,223.05,37.89,33.99,1,-1,-1,-1
83,232,254.21,281.97,41.51,35.37,1,-1,-1,-1
83,231,157.33,269.42,37.63,35.03,1,-1,-1,-1
84,233,281.16,223.99,37.51,33.84,1,-1,-1,-1
84,232,253.69,282.73,41.42,35.51,1,-1,-1,-1
84,231,156.92,270.74,37.15,34.37,1,-1,-1,-1
85,233,280.84,224.88,37.18,33.60,1,-1,-1,-1
85,232,252.98,284.13,41.21,35.08,1,-1,-1,-1
85,231,155.89,272.21,36.93,33.93,1,-1,-1,-1
86,233,280.30,225.49,36.92,33.48,1,-1,-1,-1
86,232,252.70,285.06,41.00,34.71,1,-1,-1,-1
86,231,155.46,272.64,36.78,33.96,1,-1,-1,-1
87,233,280.16,226.12,36.52,33.28,1,-1,-1,-1
87,232,252.45,285.85,40.78,34.39,1,-1,-1,-1
87,231,155.07,273.15,36.66,34.05,1,-1,-1,-1
88,233,280.19,226.34,36.25,33.15,1,-1,-1,-1
88,232,252.42,286.18,40.61,34.15,1,-1,-1,-1
88,231,154.94,273.29,36.57,34.11,1,-1,-1,-1
89,233,279.73,226.33,36.34,33.38,1,-1,-1,-1
89,232,252.11,286.12,40.60,34.19,1,-1,-1,-1
89,231,154.80,273.09,36.56,34.06,1,-1,-1,-1
90,233,279.58,226.28,36.40,33.55,1,-1,-1,-1
90,232,251.92,286.09,40.49,34.18,1,-1,-1,-1
90,231,154.85,273.04,36.49,33.99,1,-1,-1,-1
91,233,279.63,227.43,36.14,33.34,1,-1,-1,-1
91,232,251.55,286.31,40.35,34.07,1,-1,-1,-1
91,231,154.64,273.95,36.35,33.84,1,-1,-1,-1
92,233,279.60,227.79,36.04,33.14,1,-1,-1,-1
92,232,251.44,286.47,40.08,33.94,1,-1,-1,-1
92,231,154.44,274.04,36.34,33.87,1,-1,-1,-1
93,233,279.49,227.49,35.87,33.02,1,-1,-1,-1
93,232,251.35,286.35,40.05,33.96,1,-1,-1,-1
93,231,154.09,274.03,36.34,33.96,1,-1,-1,-1
94,233,279.48,227.39,35.76,32.93,1,-1,-1,-1
94,232,251.28,286.28,40.10,34.00,1,-1,-1,-1
94,231,153.97,273.98,36.34,34.03,1,-1,-1,-1
95,233,279.49,227.48,35.72,32.89,1,-1,-1,-1
95,232,250.75,286.08,40.31,34.23,1,-1,-1,-1
95,231,153.86,273.84,36.42,34.05,1,-1,-1,-1
96,233,279.33,227.22,35.60,32.76,1,-1,-1,-1
96,232,250.67,285.68,40.61,34.52,1,-1,-1,-1
96,231,153.89,273.71,36.52,34.05,1,-1,-1,-1
97,233,279.20,227.08,35.35,32.49,1,-1,-1,-1
97,232,250.51,285.47,40.65,34.55,1,-1,-1,-1
97,231,153.79,273.52,36.56,34.07,1,-1,-1,-1
98,233,279.30,227.19,35.34,32.44,1,-1,-1,-1
98,232,250.34,285.46,40.59,34.53,1,-1,-1,-1
98,231,153.69,273.52,36.67,34.13,1,-1,-1,-1
99,233,279.34,226.99,35.15,32.32,1,-1,-1,-1
99,232,249.99,285.30,40.61,34.41,1,-1,-1,-1
99,231,153.73,273.37,36.66,34.01,1,-1,-1,-1
100,233,279.39,226.94,35.03,32.23,1,-1,-1,-1
100,232,249.86,285.29,40.60,34.31,1,-1,-1,-1
100,231,153.77,273.31,36.66,33.94,1,-1,-1,-1
101,233,279.67,226.57,34.99,32.40,1,-1,-1,-1
101,232,249.72,285.02,40.79,34.33,1,-1,-1,-1
101,231,153.61,273.09,36.64,33.88,1,-1,-1,-1
102,233,279.82,226.24,34.98,32.45,1,-1,-1,-1
102,232,249.84,284.50,40.57,34.21,1,-1,-1,-1
102,231,153.45,272.64,36.56,33.84,1,-1,-1,-1
103,233,279.97,226.29,35.05,32.47,1,-1,-1,-1
103,232,249.91,284.31,40.36,34.07,1,-1,-1,-1
103,231,153.47,272.64,36.53,33.83,1,-1,-1,-1
104,233,280.05,226.08,35.11,32.46,1,-1,-1,-1
104,232,249.97,283.77,40.60,34.28,1,-1,-1,-1
104,231,152.95,272.46,36.65,33.50,1,-1,-1,-1
105,233,279.98,225.42,35.25,32.39,1,-1,-1,-1
105,232,250.04,283.38,40.60,34.23,1,-1,-1,-1
105,231,153.08,271.70,36.52,33.44,1,-1,-1,-1
106,233,279.80,225.00,35.35,32.27,1,-1,-1,-1
106,232,249.98,283.15,40.61,34.07,1,-1,-1,-1
106,231,153.14,271.15,36.41,33.32,1,-1,-1,-1
107,233,279.70,224.87,35.46,32.23,1,-1,-1,-1
107,232,249.95,283.06,40.65,33.99,1,-1,-1,-1
107,231,153.21,271.11,36.31,33.18,1,-1,-1,-1
108,233,279.45,224.34,35.38,32.17,1,-1,-1,-1
108,232,249.96,282.48,40.33,33.89,1,-1,-1,-1
108,231,153.60,270.41,36.13,33.03,1,-1,-1,-1
109,233,279.17,223.65,35.55,32.20,1,-1,-1,-1
109,232,249.80,281.82,39.97,33.64,1,-1,-1,-1
109,231,153.29,270.50,36.29,32.83,1,-1,-1,-1
110,233,279.04,223.27,35.70,32.25,1,-1,-1,-1
110,232,249.65,281.31,40.00,33.46,1,-1,-1,-1
110,231,153.04,270.53,36.34,32.74,1,-1,-1,-1
111,233,278.62,222.27,36.00,32.50,1,-1,-1,-1
111,232,248.47,280.20,40.55,33.89,1,-1,-1,-1
111,231,153.21,269.60,36.66,33.03,1,-1,-1,-1
112,233,278.16,221.36,36.24,32.81,1,-1,-1,-1
112,232,248.00,279.30,41.02,34.26,1,-1,-1,-1
112,231,152.77,268.88,37.16,33.40,1,-1,-1,-1
113,233,277.93,221.02,36.40,33.00,1,-1,-1,-1
113,232,247.76,278.90,41.36,34.53,1,-1,-1,-1
113,231,152.53,268.53,37.50,33.68,1,-1,-1,-1
114,233,277.80,220.94,36.31,32.88,1,-1,-1,-1
114,232,247.49,278.83,41.53,34.64,1,-1,-1,-1
114,231,152.65,268.10,37.60,33.86,1,-1,-1,-1
115,233,278.02,220.41,35.80,32.60,1,-1,-1,-1
115,232,247.32,278.43,41.29,34.59,1,-1,-1,-1
115,231,152.60,267.66,37.36,33.73,1,-1,-1,-1
116,233,278.34,220.13,35.70,32.59,1,-1,-1,-1
116,232,247.35,278.07,41.03,34.37,1,-1,-1,-1
116,231,152.46,267.06,37.23,33.76,1,-1,-1,-1
117,233,278.39,219.85,35.26,32.33,1,-1,-1,-1
117,232,246.63,277.63,41.08,34.45,1,-1,-1,-1
117,231,152.29,266.56,37.21,33.81,1,-1,-1,-1
118,233,278.08,219.94,34.99,32.16,1,-1,-1,-1
118,232,245.71,277.32,41.43,34.70,1,-1,-1,-1
118,231,151.69,266.47,37.20,34.01,1,-1,-1,-1
119,233,278.05,220.10,34.74,31.98,1,-1,-1,-1
119,232,245.41,277.18,41.64,34.82,1,-1,-1,-1
119,231,151.53,266.40,37.16,34.11,1,-1,-1,-1
120,233,278.03,219.85,34.57,31.86,1,-1,-1,-1
120,232,245.01,276.55,41.95,34.94,1,-1,-1,-1
120,231,151.10,265.93,37.43,34.25,1,-1,-1,-1
121,233,278.23,220.04,34.57,31.85,1,-1,-1,-1
121,232,244.21,276.34,41.80,34.84,1,-1,-1,-1
121,231,150.58,265.49,37.53,34.31,1,-1,-1,-1
122,233,277.85,220.54,34.39,31.50,1,-1,-1,-1
122,232,243.48,276.27,41.48,34.74,1,-1,-1,-1
122,231,150.05,265.46,37.35,34.37,1,-1,-1,-1
123,233,277.09,221.33,34.53,31.42,1,-1,-1,-1
123,232,242.87,276.28,41.30,34.89,1,-1,-1,-1
123,231,149.54,265.74,37.25,34.45,1,-1,-1,-1
124,233,276.82,221.19,34.62,31.27,1,-1,-1,-1
124,232,242.20,275.87,41.28,35.18,1,-1,-1,-1
124,231,149.25,265.38,37.00,34.43,1,-1,-1,-1
125,233,276.69,221.17,34.69,31.16,1,-1,-1,-1
125,232,241.97,275.66,41.26,35.39,1,-1,-1,-1
125,231,149.20,265.25,36.81,34.42,1,-1,-1,-1
126,233,275.84,221.07,34.79,31.22,1,-1,-1,-1
126,232,241.49,275.96,40.96,35.33,1,-1,-1,-1
126,231,148.73,265.23,36.52,34.29,1,-1,-1,-1
127,233,274.56,221.73,35.36,31.22,1,-1,-1,-1
127,232,240.83,276.40,41.13,35.41,1,-1,-1,-1
127,231,148.09,265.98,36.72,34.35,1,-1,-1,-1
128,233,273.45,221.63,35.87,31.44,1,-1,-1,-1
128,232,240.18,276.51,41.19,35.52,1,-1,-1,-1
128,231,147.22,265.91,36.70,34.29,1,-1,-1,-1
129,233,272.24,221.72,36.15,31.65,1,-1,-1,-1
129,232,239.61,276.55,41.29,35.81,1,-1,-1,-1
129,231,146.79,266.03,36.45,34.14,1,-1,-1,-1
130,233,271.40,222.24,36.17,31.56,1,-1,-1,-1
130,232,238.87,277.06,41.23,35.66,1,-1,-1,-1
130,231,145.87,266.37,36.48,34.07,1,-1,-1,-1
131,233,270.90,222.32,36.28,31.72,1,-1,-1,-1
131,232,238.37,277.34,41.42,35.61,1,-1,-1,-1
131,231,145.52,266.45,36.60,34.08,1,-1,-1,-1
132,233,270.20,222.53,36.35,31.89,1,-1,-1,-1
132,232,237.64,277.53,41.64,35.68,1,-1,-1,-1
132,231,144.78,266.60,36.57,33.93,1,-1,-1,-1
133,233,269.78,223.00,35.95,31.73,1,-1,-1,-1
133,232,236.52,278.34,41.42,35.56,1,-1,-1,-1
133,231,144.01,267.16,36.55,33.78,1,-1,-1,-1
134,233,268.26,223.47,35.71,31.49,1,-1,-1,-1
134,232,235.48,279.01,40.96,35.25,1,-1,-1,-1
134,231,143.18,267.51,36.15,33.80,1,-1,-1,-1
135,233,267.40,224.04,35.67,31.41,1,-1,-1,-1
135,232,234.58,279.80,40.72,34.87,1,-1,-1,-1
135,231,141.55,267.96,36.35,33.73,1,-1,-1,-1
136,233,266.72,225.13,35.51,31.50,1,-1,-1,-1
136,232,232.93,281.19,40.46,34.68,1,-1,-1,-1
136,231,140.65,269.37,35.83,33.13,1,-1,-1,-1
137,233,266.52,225.53,35.39,31.56,1,-1,-1,-1
137,232,232.37,281.75,40.29,34.54,1,-1,-1,-1
137,231,140.41,270.01,35.45,32.68,1,-1,-1,-1
138,233,265.58,226.05,35.33,31.42,1,-1,-1,-1
138,232,231.43,282.44,39.88,34.36,1,-1,-1,-1
138,231,140.03,270.40,35.12,32.29,1,-1,-1,-1
139,233,264.63,227.17,35.45,31.44,1,-1,-1,-1
139,232,230.23,283.72,39.34,33.77,1,-1,-1,-1
139,231,138.95,271.55,35.39,32.38,1,-1,-1,-1
140,233,263.14,227.65,35.57,31.38,1,-1,-1,-1
140,232,229.18,284.55,39.10,33.49,1,-1,-1,-1
140,231,137.58,272.19,35.46,32.34,1,-1,-1,-1
141,233,261.82,228.81,35.46,31.32,1,-1,-1,-1
141,232,227.92,285.59,39.15,33.34,1,-1,-1,-1
141,231,135.90,273.35,35.28,32.34,1,-1,-1,-1
142,233,260.01,229.63,35.47,31.72,1,-1,-1,-1
142,232,226.29,286.22,39.23,33.31,1,-1,-1,-1
142,231,134.49,274.39,34.85,32.09,1,-1,-1,-1
143,233,259.34,229.85,35.47,32.01,1,-1,-1,-1
143,232,225.70,286.42,39.33,33.31,1,-1,-1,-1
143,231,134.06,274.81,34.54,31.90,1,-1,-1,-1
144,233,258.42,230.20,35.18,32.23,1,-1,-1,-1
144,232,224.60,287.00,38.99,33.25,1,-1,-1,-1
144,231,132.56,275.45,34.54,31.82,1,-1,-1,-1
145,233,257.74,231.30,35.12,32.48,1,-1,-1,-1
145,232,222.71,288.12,39.15,33.31,1,-1,-1,-1
145,231,131.25,276.38,34.63,31.93,1,-1,-1,-1
146,233,256.32,232.76,35.07,32.36,1,-1,-1,-1
146,232,220.63,288.99,39.53,33.52,1,-1,-1,-1
146,231,129.14,277.14,35.18,32.38,1,-1,-1,-1
147,233,255.10,234.18,35.09,31.97,1,-1,-1,-1
147,232,218.72,289.72,39.90,33.94,1,-1,-1,-1
147,231,126.99,277.73,35.51,32.73,1,-1,-1,-1
148,233,253.44,235.08,34.94,31.84,1,-1,-1,-1
148,232,217.20,290.61,40.15,34.14,1,-1,-1,-1
148,231,125.73,278.48,35.47,33.08,1,-1,-1,-1
149,233,252.72,235.87,35.21,31.48,1,-1,-1,-1
149,232,216.62,290.90,40.33,34.29,1,-1,-1,-1
149,231,125.30,278.69,35.43,33.34,1,-1,-1,-1
150,233,251.89,236.30,34.95,31.48,1,-1,-1,-1
150,232,215.49,291.63,40.57,34.35,1,-1,-1,-1
150,231,123.97,279.79,35.83,33.35,1,-1,-1,-1
151,233,250.07,237.09,34.66,31.25,1,-1,-1,-1
151,232,213.84,292.77,40.39,33.97,1,-1,-1,-1
151,231,121.86,281.19,36.24,33.06,1,-1,-1,-1
152,233,248.63,238.05,34.57,31.29,1,-1,-1,-1
152,232,212.58,294.74,39.68,33.34,1,-1,-1,-1
152,231,119.77,282.21,36.19,32.77,1,-1,-1,-1
153,233,246.72,238.86,34.61,31.52,1,-1,-1,-1
153,232,211.13,296.02,39.36,33.01,1,-1,-1,-1
153,231,118.31,282.72,35.83,32.70,1,-1,-1,-1
154,233,244.94,239.18,35.01,32.00,1,-1,-1,-1
154,232,209.14,296.76,39.09,32.81,1,-1,-1,-1
154,231,116.71,283.44,35.59,32.64,1,-1,-1,-1
155,233,244.24,239.20,35.32,32.36,1,-1,-1,-1
155,232,208.48,297.06,38.89,32.66,1,-1,-1,-1
155,231,116.18,283.69,35.41,32.60,1,-1,-1,-1
156,233,243.24,239.83,35.52,32.49,1,-1,-1,-1
156,232,206.70,297.72,38.94,32.70,1,-1,-1,-1
156,231,115.33,284.61,35.36,32.66,1,-1,-1,-1
157,233,241.91,240.97,35.35,32.29,1,-1,-1,-1
157,232,205.31,298.74,38.66,32.41,1,-1,-1,-1
157,231,114.29,285.53,35.25,32.76,1,-1,-1,-1
158,233,240.57,241.45,35.27,32.22,1,-1,-1,-1
158,232,203.74,299.08,38.78,32.31,1,-1,-1,-1
158,231,112.46,286.49,34.91,32.55,1,-1,-1,-1
159,233,238.66,242.48,34.72,31.89,1,-1,-1,-1
159,232,202.27,299.50,38.51,32.35,1,-1,-1,-1
159,231,110.95,287.53,34.48,32.36,1,-1,-1,-1
160,233,236.66,243.58,34.64,32.12,1,-1,-1,-1
160,232,200.39,300.05,38.33,32.37,1,-1,-1,-1
160,231,108.81,288.37,34.24,32.27,1,-1,-1,-1
161,233,235.78,244.02,34.55,32.18,1,-1,-1,-1
161,232,199.90,300.18,38.26,32.43,1,-1,-1,-1
161,231,108.18,288.53,34.27,32.36,1,-1,-1,-1
162,233,234.74,244.56,34.36,32.22,1,-1,-1,-1
162,232,198.69,300.44,38.10,32.58,1,-1,-1,-1
162,231,106.73,288.87,34.67,32.65,1,-1,-1,-1
163,233,233.84,244.37,34.37,32.38,1,-1,-1,-1
163,232,196.56,300.55,38.03,32.80,1,-1,-1,-1
163,231,105.13,288.74,35.01,32.81,1,-1,-1,-1
164,233,231.95,245.21,34.23,32.16,1,-1,-1,-1
164,232,195.00,301.03,37.78,32.93,1,-1,-1,-1
164,231,103.27,289.03,35.59,33.29,1,-1,-1,-1
165,233,230.36,245.94,34.36,32.11,1,-1,-1,-1
165,232,193.80,301.50,38.08,33.26,1,-1,-1,-1
165,231,101.79,289.65,35.55,33.38,1,-1,-1,-1
166,233,228.87,246.43,34.40,31.96,1,-1,-1,-1
166,232,192.45,301.72,38.20,33.12,1,-1,-1,-1
166,231,100.20,290.02,35.62,33.39,1,-1,-1,-1
167,233,228.34,246.62,34.43,31.85,1,-1,-1,-1
167,232,191.95,301.82,38.29,33.03,1,-1,-1,-1
167,231,99.65,290.13,35.66,33.38,1,-1,-1,-1
168,233,226.71,246.42,34.86,31.67,1,-1,-1,-1
168,232,190.33,301.79,38.51,32.97,1,-1,-1,-1
168,231,98.52,290.12,35.88,33.46,1,-1,-1,-1
169,233,225.27,246.99,34.69,31.35,1,-1,-1,-1
169,232,188.75,302.35,37.98,32.91,1,-1,-1,-1
169,231,97.14,291.02,35.77,33.45,1,-1,-1,-1
170,233,223.58,246.95,34.99,31.37,1,-1,-1,-1
170,232,186.92,302.34,37.96,32.86,1,-1,-1,-1
170,231,95.79,291.04,35.70,33.47,1,-1,-1,-1
171,233,221.98,246.68,35.00,31.44,1,-1,-1,-1
171,232,184.91,302.03,38.08,32.92,1,-1,-1,-1
171,231,94.10,290.54,35.87,33.65,1,-1,-1,-1
172,233,220.53,246.72,34.49,31.22,1,-1,-1,-1
172,232,183.41,302.33,37.92,32.92,1,-1,-1,-1
172,231,92.78,290.86,35.75,33.60,1,-1,-1,-1
173,233,220.11,246.76,34.12,31.05,1,-1,-1,-1
173,232,182.92,302.42,37.80,32.92,1,-1,-1,-1
173,231,92.34,290.94,35.68,33.57,1,-1,-1,-1
174,233,219.34,247.19,33.77,30.71,1,-1,-1,-1
174,232,181.91,302.54,37.71,32.88,1,-1,-1,-1
174,231,91.27,291.38,35.10,33.21,1,-1,-1,-1
175,233,218.59,247.05,33.87,30.91,1,-1,-1,-1
175,232,180.90,301.84,37.93,33.07,1,-1,-1,-1
175,231,89.33,291.44,35.28,33.31,1,-1,-1,-1
176,233,217.59,246.96,33.73,30.81,1,-1,-1,-1
176,232,179.46,301.51,38.11,33.05,1,-1,-1,-1
176,231,88.22,290.91,35.43,33.40,1,-1,-1,-1
177,233,215.72,246.65,34.57,30.91,1,-1,-1,-1
177,232,177.84,301.38,38.25,33.09,1,-1,-1,-1
177,231,86.90,291.48,35.61,33.23,1,-1,-1,-1
178,233,214.23,245.91,34.65,31.25,1,-1,-1,-1
178,232,176.71,300.97,37.93,33.02,1,-1,-1,-1
178,231,85.18,290.77,36.22,33.57,1,-1,-1,-1
179,233,213.69,245.57,34.70,31.49,1,-1,-1,-1
179,232,176.29,300.84,37.73,32.98,1,-1,-1,-1
179,231,84.45,290.43,36.66,33.82,1,-1,-1,-1
180,233,212.65,244.86,34.62,31.73,1,-1,-1,-1
180,232,175.35,300.39,37.50,32.81,1,-1,-1,-1
180,231,83.88,289.69,36.72,33.96,1,-1,-1,-1
181,233,211.46,244.72,34.56,31.86,1,-1,-1,-1
181,232,174.15,300.29,37.29,32.80,1,-1,-1,-1
181,231,82.63,289.72,36.40,33.85,1,-1,-1,-1
182,233,210.85,244.40,33.96,31.55,1,-1,-1,-1
182,232,173.05,300.08,37.04,32.88,1,-1,-1,-1
182,231,81.47,289.38,36.29,33.86,1,-1,-1,-1
183,233,209.95,243.60,33.71,31.57,1,-1,-1,-1
183,232,171.60,300.16,36.63,32.74,1,-1,-1,-1
183,231,80.42,289.24,36.06,33.78,1,-1,-1,-1
184,233,209.11,242.72,33.84,31.47,1,-1,-1,-1
184,232,170.67,299.79,36.47,32.59,1,-1,-1,-1
184,231,79.77,288.91,35.90,33.52,1,-1,-1,-1
185,233,208.81,242.40,33.95,31.39,1,-1,-1,-1
185,232,170.39,299.68,36.36,32.48,1,-1,-1,-1
185,231,79.59,288.81,35.78,33.33,1,-1,-1,-1
186,233,208.02,242.05,33.73,31.34,1,-1,-1,-1
186,232,169.79,299.02,36.19,32.42,1,-1,-1,-1
186,231,78.65,288.45,36.07,33.42,1,-1,-1,-1
187,233,207.30,241.28,34.02,31.62,1,-1,-1,-1
187,232,169.02,298.73,36.71,32.21,1,-1,-1,-1
187,231,78.00,288.02,35.88,33.23,1,-1,-1,-1
188,233,206.21,240.74,34.11,31.58,1,-1,-1,-1
188,232,167.56,298.19,37.04,32.10,1,-1,-1,-1
188,231,77.42,287.65,35.70,33.12,1,-1,-1,-1
189,233,204.83,240.26,33.81,31.13,1,-1,-1,-1
189,232,166.28,297.68,37.40,31.98,1,-1,-1,-1
189,231,76.43,287.01,35.73,33.03,1,-1,-1,-1
190,233,203.77,239.97,33.57,30.74,1,-1,-1,-1
190,232,165.57,296.67,37.05,32.13,1,-1,-1,-1
190,231,75.74,286.36,35.51,32.83,1,-1,-1,-1
191,233,203.39,239.92,33.57,30.53,1,-1,-1,-1
191,232,164.78,296.36,37.21,32.19,1,-1,-1,-1
191,231,75.27,286.52,35.46,32.84,1,-1,-1,-1
192,233,202.56,239.64,33.51,30.21,1,-1,-1,-1
192,232,164.23,295.94,37.24,32.18,1,-1,-1,-1
192,231,74.81,286.01,35.20,32.73,1,-1,-1,-1
193,233,201.82,239.11,33.66,30.17,1,-1,-1,-1
193,232,163.41,295.58,37.25,32.19,1,-1,-1,-1
193,231,74.42,285.45,35.08,32.47,1,-1,-1,-1
194,233,200.82,238.03,33.86,30.32,1,-1,-1,-1
194,232,162.71,294.02,37.67,32.45,1,-1,-1,-1
194,231,73.39,284.55,35.15,32.35,1,-1,-1,-1
195,233,200.11,237.00,34.16,30.64,1,-1,-1,-1
195,232,161.66,292.63,38.08,32.73,1,-1,-1,-1
195,231,72.43,283.59,35.33,32.41,1,-1,-1,-1
196,233,198.96,236.44,34.38,30.88,1,-1,-1,-1
196,232,160.28,291.87,38.58,33.15,1,-1,-1,-1
196,231,71.54,283.36,35.10,32.16,1,-1,-1,-1
197,233,198.55,236.21,34.50,31.00,1,-1,-1,-1
197,232,159.76,291.53,38.94,33.45,1,-1,-1,-1
197,231,71.27,283.34,34.94,31.99,1,-1,-1,-1
198,233,197.96,235.62,34.70,31.25,1,-1,-1,-1
198,232,158.64,291.03,39.53,33.74,1,-1,-1,-1
198,231,71.06,282.80,34.64,31.77,1,-1,-1,-1
199,233,197.44,234.51,34.82,31.40,1,-1,-1,-1
199,232,157.77,289.95,39.72,33.89,1,-1,-1,-1
199,231,70.54,281.82,35.20,31.92,1,-1,-1,-1
200,233,196.64,234.02,34.33,31.16,1,-1,-1,-1
200,232,157.31,289.19,39.42,33.88,1,-1,-1,-1
200,231,70.30,281.40,34.98,31.98,1,-1,-1,-1
201,233,196.24,233.61,33.83,30.90,1,-1,-1,-1
201,232,156.54,288.49,39.15,33.68,1,-1,-1,-1
201,231,69.61,280.46,34.86,32.01,1,-1,-1,-1
202,233,196.04,232.69,33.62,30.91,1,-1,-1,-1
202,232,156.05,287.50,38.69,33.62,1,-1,-1,-1
202,231,68.58,279.23,35.03,32.33,1,-1,-1,-1
203,233,196.05,232.38,33.45,30.91,1,-1,-1,-1
203,232,155.97,287.16,38.36,33.57,1,-1,-1,-1
203,231,68.18,278.72,35.17,32.57,1,-1,-1,-1
204,233,195.11,231.95,33.71,31.32,1,-1,-1,-1
204,232,155.07,286.82,38.21,33.54,1,-1,-1,-1
204,231,66.90,278.18,35.69,33.08,1,-1,-1,-1
205,233,194.26,231.65,33.78,31.52,1,-1,-1,-1
205,232,153.61,286.71,37.96,33.30,1,-1,-1,-1
205,231,65.93,277.60,35.89,33.34,1,-1,-1,-1
206,233,192.91,230.59,33.88,31.67,1,-1,-1,-1
206,232,152.64,286.08,37.94,33.36,1,-1,-1,-1
206,231,64.83,276.96,36.09,33.54,1,-1,-1,-1
207,233,191.70,230.15,34.01,31.68,1,-1,-1,-1
207,232,151.31,285.83,37.83,33.39,1,-1,-1,-1
207,231,64.18,276.68,36.04,33.52,1,-1,-1,-1
208,233,190.37,229.79,33.81,31.47,1,-1,-1,-1
208,232,150.56,285.65,37.67,33.34,1,-1,-1,-1
208,231,63.54,276.21,36.06,33.51,1,-1,-1,-1
209,233,189.92,229.73,33.67,31.33,1,-1,-1,-1
209,232,150.34,285.59,37.55,33.30,1,-1,-1,-1
209,231,63.32,276.05,36.07,33.50,1,-1,-1,-1
210,233,189.21,229.51,33.73,31.39,1,-1,-1,-1
210,232,149.81,285.15,37.51,33.35,1,-1,-1,-1
210,231,62.47,275.61,35.92,33.09,1,-1,-1,-1
211,233,188.36,229.24,33.96,31.49,1,-1,-1,-1
211,232,148.10,285.11,37.62,32.95,1,-1,-1,-1
211,231,61.53,275.49,35.81,32.76,1,-1,-1,-1
212,233,187.22,229.12,34.06,31.56,1,-1,-1,-1
212,232,146.99,284.95,37.63,32.76,1,-1,-1,-1
212,231,60.63,275.41,35.54,32.45,1,-1,-1,-1
213,233,186.33,228.97,34.07,31.62,1,-1,-1,-1
213,232,145.81,284.82,37.79,32.62,1,-1,-1,-1
213,231,59.64,275.04,35.27,32.11,1,-1,-1,-1
214,233,185.97,228.63,33.87,31.34,1,-1,-1,-1
214,232,144.93,284.54,38.01,32.49,1,-1,-1,-1
214,231,58.62,274.75,34.86,31.60,1,-1,-1,-1
215,233,185.89,228.57,33.73,31.13,1,-1,-1,-1
215,232,144.59,284.47,38.18,32.39,1,-1,-1,-1
215,231,58.32,274.74,34.55,31.22,1,-1,-1,-1
216,233,185.06,228.45,33.71,31.05,1,-1,-1,-1
216,232,143.80,284.27,38.23,32.47,1,-1,-1,-1
216,231,57.66,274.72,34.37,30.95,1,-1,-1,-1
217,233,184.14,228.30,33.11,30.56,1,-1,-1,-1
217,232,142.49,283.59,38.35,32.55,1,-1,-1,-1
217,231,56.89,274.26,34.34,30.87,1,-1,-1,-1
218,233,182.95,228.41,32.60,30.00,1,-1,-1,-1
218,232,141.09,283.41,38.17,32.38,1,-1,-1,-1
218,231,55.96,273.97,34.23,30.68,1,-1,-1,-1
219,233,181.66,228.39,32.44,29.72,1,-1,-1,-1
219,232,139.73,283.09,38.42,32.62,1,-1,-1,-1
219,231,55.36,273.78,33.93,30.41,1,-1,-1,-1
220,233,180.72,227.87,32.65,29.70,1,-1,-1,-1
220,232,138.28,282.57,38.29,32.57,1,-1,-1,-1
220,231,53.66,273.37,33.46,30.04,1,-1,-1,-1
221,233,180.37,227.72,33.02,29.88,1,-1,-1,-1
221,232,137.78,282.03,38.34,32.66,1,-1,-1,-1
221,231,52.85,273.36,33.45,30.11,1,-1,-1,-1
222,233,179.40,227.61,32.76,29.29,1,-1,-1,-1
222,232,136.99,280.85,38.40,32.69,1,-1,-1,-1
222,231,52.03,272.65,33.42,30.11,1,-1,-1,-1
223,233,178.31,227.92,32.47,28.90,1,-1,-1,-1
223,232,135.14,280.98,38.47,32.78,1,-1,-1,-1
223,231,50.65,272.50,33.67,30.27,1,-1,-1,-1
224,233,177.30,227.65,32.22,28.59,1,-1,-1,-1
224,232,134.02,280.21,38.33,32.89,1,-1,-1,-1
224,231,49.34,271.56,33.83,30.48,1,-1,-1,-1
225,233,175.78,227.00,32.62,28.88,1,-1,-1,-1
225,232,132.84,279.30,38.60,33.04,1,-1,-1,-1
225,231,48.62,270.84,33.65,30.47,1,-1,-1,-1
226,233,174.28,226.81,32.22,28.73,1,-1,-1,-1
226,232,131.04,279.11,39.05,33.01,1,-1,-1,-1
226,231,47.58,270.38,33.49,30.42,1,-1,-1,-1
227,233,173.81,226.74,31.93,28.64,1,-1,-1,-1
227,232,130.44,279.03,39.34,33.00,1,-1,-1,-1
227,231,47.17,270.22,33.39,30.40,1,-1,-1,-1
228,233,173.31,226.63,31.48,28.30,1,-1,-1,-1
228,232,129.09,278.69,39.33,33.00,1,-1,-1,-1
228,231,46.75,269.53,33.29,30.41,1,-1,-1,-1
229,233,172.51,225.92,31.41,28.37,1,-1,-1,-1
229,232,127.53,278.01,39.31,33.13,1,-1,-1,-1
229,231,45.55,268.54,33.31,30.63,1,-1,-1,-1
230,233,171.23,225.20,31.53,28.55,1,-1,-1,-1
230,232,126.34,277.32,39.09,33.23,1,-1,-1,-1
230,231,43.85,267.39,33.62,31.10,1,-1,-1,-1
231,233,169.97,225.20,31.55,28.41,1,-1,-1,-1
231,232,125.19,276.88,38.74,33.21,1,-1,-1,-1
231,231,42.61,266.02,33.94,31.54,1,-1,-1,-1
232,233,168.50,224.23,31.84,28.58,1,-1,-1,-1
232,232,123.14,276.37,38.83,33.24,1,-1,-1,-1
232,231,41.29,265.09,34.00,31.56,1,-1,-1,-1
233,233,167.92,223.84,32.06,28.71,1,-1,-1,-1
233,232,122.39,276.19,38.90,33.26,1,-1,-1,-1
233,231,40.81,264.76,34.04,31.57,1,-1,-1,-1
234,233,166.69,223.66,32.42,29.21,1,-1,-1,-1
234,232,122.04,275.74,38.26,33.13,1,-1,-1,-1
234,231,39.43,264.40,34.29,31.62,1,-1,-1,-1
235,233,165.46,223.22,32.46,29.51,1,-1,-1,-1
235,232,121.06,275.34,38.40,33.02,1,-1,-1,-1
235,231,37.82,264.00,34.59,31.66,1,-1,-1,-1
236,233,164.17,222.24,32.15,29.56,1,-1,-1,-1
236,232,119.64,274.76,38.55,32.81,1,-1,-1,-1
236,231,36.52,263.35,34.53,31.49,1,-1,-1,-1
237,233,162.82,221.60,31.48,29.16,1,-1,-1,-1
237,232,118.38,274.28,38.12,32.65,1,-1,-1,-1
237,231,35.43,262.75,34.18,31.20,1,-1,-1,-1
238,233,161.93,221.16,30.86,28.82,1,-1,-1,-1
238,232,116.65,273.78,37.76,32.53,1,-1,-1,-1
238,231,33.67,262.19,34.17,31.08,1,-1,-1,-1
239,233,161.75,221.07,30.40,28.57,1,-1,-1,-1
239,232,116.13,273.63,37.47,32.41,1,-1,-1,-1
239,231,33.04,262.02,34.16,30.99,1,-1,-1,-1
240,233,161.11,220.41,30.11,28.51,1,-1,-1,-1
240,232,114.81,273.16,37.61,32.52,1,-1,-1,-1
240,231,32.37,261.21,34.07,30.69,1,-1,-1,-1
241,233,160.33,219.62,30.42,28.69,1,-1,-1,-1
241,232,113.13,272.37,37.79,32.57,1,-1,-1,-1
241,231,31.53,260.69,33.67,30.30,1,-1,-1,-1
242,233,159.41,218.83,30.31,28.48,1,-1,-1,-1
242,232,110.75,271.68,37.89,32.24,1,-1,-1,-1
242,231,29.65,260.33,33.04,29.69,1,-1,-1,-1
243,233,157.23,218.26,30.95,28.72,1,-1,-1,-1
243,232,109.29,270.16,38.20,32.45,1,-1,-1,-1
243,231,27.83,259.31,33.32,29.95,1,-1,-1,-1
244,233,155.36,217.58,31.65,29.05,1,-1,-1,-1
244,232,107.62,268.61,39.23,33.05,1,-1,-1,-1
244,231,26.13,257.96,33.80,30.39,1,-1,-1,-1
245,233,154.59,217.30,32.13,29.25,1,-1,-1,-1
245,232,106.83,267.94,39.97,33.46,1,-1,-1,-1
245,231,25.44,257.40,34.14,30.70,1,-1,-1,-1
246,233,153.26,217.12,32.30,29.27,1,-1,-1,-1
246,232,105.27,267.46,40.24,33.57,1,-1,-1,-1
246,231,24.28,256.18,34.23,30.77,1,-1,-1,-1
247,233,151.38,216.64,32.78,29.73,1,-1,-1,-1
247,232,103.93,266.78,40.19,33.49,1,-1,-1,-1
247,231,23.14,255.41,33.91,30.56,1,-1,-1,-1
248,233,149.60,215.70,32.74,29.58,1,-1,-1,-1
248,232,102.43,266.20,39.98,33.53,1,-1,-1,-1
248,231,21.41,254.39,34.24,30.94,1,-1,-1,-1
249,233,148.19,215.12,32.46,29.30,1,-1,-1,-1
249,232,100.74,265.43,39.74,33.59,1,-1,-1,-1
249,231,20.14,253.55,34.04,30.94,1,-1,-1,-1
250,233,146.77,214.10,32.85,29.65,1,-1,-1,-1
250,232,98.83,264.82,39.50,33.51,1,-1,-1,-1
250,231,19.13,253.06,33.49,30.62,1,-1,-1,-1
251,233,146.20,213.79,32.60,29.40,1,-1,-1,-1
251,232,98.23,264.67,39.11,33.40,1,-1,-1,-1
251,231,19.69,252.74,32.87,30.15,1,-1,-1,-1
252,233,145.71,213.57,32.15,28.96,1,-1,-1,-1
252,232,97.68,264.41,38.73,33.25,1,-1,-1,-1
252,231,17.86,252.59,32.86,29.73,1,-1,-1,-1
253,233,144.20,213.78,32.00,28.71,1,-1,-1,-1
253,232,96.49,264.11,38.28,33.23,1,-1,-1,-1
253,231,15.63,252.53,33.26,29.90,1,-1,-1,-1
254,233,142.33,213.28,32.06,28.88,1,-1,-1,-1
254,232,94.76,263.31,38.17,33.24,1,-1,-1,-1
254,231,14.33,251.84,33.55,29.81,1,-1,-1,-1
255,233,140.63,212.66,32.23,29.04,1,-1,-1,-1
255,232,92.00,262.83,38.83,33.31,1,-1,-1,-1
255,231,13.00,251.17,33.42,29.43,1,-1,-1,-1
256,233,138.49,212.53,31.66,28.68,1,-1,-1,-1
256,232,90.10,262.78,38.70,33.25,1,-1,-1,-1
256,231,10.85,250.96,33.20,29.23,1,-1,-1,-1
257,233,137.82,212.57,31.24,28.42,1,-1,-1,-1
257,232,89.45,262.80,38.59,33.19,1,-1,-1,-1
257,231,10.10,250.93,33.04,29.07,1,-1,-1,-1
258,233,137.17,212.19,31.32,28.62,1,-1,-1,-1
258,232,87.79,262.84,38.42,33.00,1,-1,-1,-1
258,231,9.40,250.34,33.13,29.01,1,-1,-1,-1
259,233,136.56,211.89,30.99,28.42,1,-1,-1,-1
259,232,86.14,262.72,38.35,32.94,1,-1,-1,-1
259,231,8.39,249.83,32.82,28.76,1,-1,-1,-1
260,233,134.92,211.90,31.17,28.57,1,-1,-1,-1
260,232,84.23,262.16,38.78,33.01,1,-1,-1,-1
260,231,5.46,250.09,32.42,28.63,1,-1,-1,-1
261,233,132.55,212.35,31.09,28.16,1,-1,-1,-1
261,232,82.95,262.06,38.34,32.62,1,-1,-1,-1
261,231,4.09,249.83,32.27,28.58,1,-1,-1,-1
262,233,130.83,213.03,30.86,27.79,1,-1,-1,-1
262,232,80.53,262.19,38.22,32.57,1,-1,-1,-1
262,231,2.40,249.79,32.14,28.49,1,-1,-1,-1
263,233,130.27,213.43,30.72,27.52,1,-1,-1,-1
263,232,79.67,262.30,38.17,32.58,1,-1,-1,-1
263,231,1.83,249.75,32.07,28.45,1,-1,-1,-1
264,233,129.37,213.42,31.05,27.62,1,-1,-1,-1
264,232,78.80,261.31,37.76,32.43,1,-1,-1,-1
264,231,0.53,249.40,31.79,28.39,1,-1,-1,-1
265,233,126.96,213.31,30.70,27.53,1,-1,-1,-1
265,232,77.31,261.14,37.98,32.43,1,-1,-1,-1
265,231,-0.44,248.92,31.36,28.28,1,-1,-1,-1
266,233,125.47,213.42,30.06,27.05,1,-1,-1,-1
266,232,74.91,261.65,37.92,32.09,1,-1,-1,-1
266,231,-0.89,249.13,30.68,27.93,1,-1,-1,-1
267,233,124.01,213.48,29.66,26.77,1,-1,-1,-1
267,232,73.31,261.58,38.10,32.18,1,-1,-1,-1
267,231,-1.11,248.37,30.16,28.43,1,-1,-1,-1
268,233,122.76,213.30,29.87,26.89,1,-1,-1,-1
268,232,71.24,261.49,38.27,32.11,1,-1,-1,-1
268,231,-1.64,248.37,29.15,29.90,1,-1,-1,-1
269,233,122.18,213.28,30.04,26.96,1,-1,-1,-1
269,232,70.49,261.47,38.35,32.04,1,-1,-1,-1
269,231,-1.60,248.06,28.37,31.09,1,-1,-1,-1
270,233,120.56,213.57,30.07,26.82,1,-1,-1,-1
270,232,68.73,261.63,38.51,32.01,1,-1,-1,-1
270,231,-1.66,247.87,27.38,31.98,1,-1,-1,-1
271,233,119.09,213.86,30.23,26.87,1,-1,-1,-1
271,232,66.94,261.87,38.48,32.04,1,-1,-1,-1
271,231,-1.97,245.49,25.87,31.45,1,-1,-1,-1
272,233,117.72,214.36,30.10,26.81,1,-1,-1,-1
272,232,65.37,261.75,38.36,32.14,1,-1,-1,-1
272,231,-1.98,244.53,24.49,30.97,1,-1,-1,-1
273,233,115.35,213.81,30.05,26.91,1,-1,-1,-1
273,232,62.91,262.08,38.15,31.93,1,-1,-1,-1
273,231,-1.86,244.30,23.25,30.33,1,-1,-1,-1
274,233,114.06,213.80,29.88,26.92,1,-1,-1,-1
274,232,61.17,262.31,38.33,31.97,1,-1,-1,-1
274,231,-1.61,248.85,22.28,30.00,1,-1,-1,-1
275,233,113.60,213.80,29.77,26.91,1,-1,-1,-1
275,232,60.47,262.43,38.43,31.97,1,-1,-1,-1
275,231,-1.31,250.65,21.57,29.75,1,-1,-1,-1
276,233,112.72,213.81,29.90,26.90,1,-1,-1,-1
276,232,59.30,262.43,38.66,32.13,1,-1,-1,-1
276,231,-1.12,251.66,20.94,29.51,1,-1,-1,-1
277,233,111.04,213.78,30.02,26.74,1,-1,-1,-1
277,232,57.33,262.25,39.02,32.22,1,-1,-1,-1
278,233,109.46,213.96,30.14,26.64,1,-1,-1,-1
278,232,55.45,262.27,38.89,32.07,1,-1,-1,-1
279,233,107.63,214.37,30.17,26.57,1,-1,-1,-1
279,232,53.61,262.33,38.77,32.16,1,-1,-1,-1
280,233,105.94,214.48,30.34,26.77,1,-1,-1,-1
280,232,51.40,262.57,38.81,32.23,1,-1,-1,-1
281,233,105.22,214.40,30.86,27.15,1,-1,-1,-1
281,232,50.46,262.75,38.94,32.31,1,-1,-1,-1
282,233,104.27,214.29,31.22,27.50,1,-1,-1,-1
282,232,48.99,262.40,39.41,32.72,1,-1,-1,-1
283,233,101.92,214.24,30.86,27.35,1,-1,-1,-1
283,232,47.71,261.74,39.77,33.13,1,-1,-1,-1
284,233,100.68,214.12,30.65,27.29,1,-1,-1,-1
284,232,46.24,261.81,40.04,33.15,1,-1,-1,-1
285,233,99.10,214.07,30.91,27.42,1,-1,-1,-1
285,232,43.90,261.97,40.31,33.23,1,-1,-1,-1
286,233,97.49,214.10,30.91,27.26,1,-1,-1,-1
286,232,42.61,261.60,39.99,32.97,1,-1,-1,-1
287,234,560.21,78.55,25.97,24.44,1,-1,-1,-1
287,233,96.97,214.12,31.03,27.25,1,-1,-1,-1
287,232,42.22,261.50,39.75,32.77,1,-1,-1,-1
288,234,560.25,78.85,25.82,24.25,1,-1,-1,-1
288,233,95.81,214.06,30.99,27.17,1,-1,-1,-1
288,232,41.14,261.47,39.61,32.81,1,-1,-1,-1
289,234,559.75,78.64,26.07,24.42,1,-1,-1,-1
289,233,94.41,214.29,30.95,27.14,1,-1,-1,-1
289,232,39.12,261.78,39.45,32.66,1,-1,-1,-1
290,234,558.96,79.35,25.88,24.22,1,-1,-1,-1
290,233,92.94,214.09,31.12,27.46,1,-1,-1,-1
290,232,37.34,261.96,39.41,32.62,1,-1,-1,-1
291,234,558.54,79.46,25.53,23.82,1,-1,-1,-1
291,233,90.96,213.85,30.56,27.23,1,-1,-1,-1
291,232,35.66,261.30,39.69,32.69,1,-1,-1,-1
292,234,557.24,80.13,25.50,23.75,1,-1,-1,-1
292,233,89.67,213.69,29.79,26.79,1,-1,-1,-1
292,232,34.25,260.75,40.01,32.78,1,-1,-1,-1
293,234,556.79,80.37,25.47,23.70,1,-1,-1,-1
293,233,89.36,213.72,29.23,26.46,1,-1,-1,-1
293,232,33.71,260.54,40.25,32.84,1,-1,-1,-1
294,234,555.38,80.55,25.55,23.76,1,-1,-1,-1
294,233,88.51,214.13,28.94,26.09,1,-1,-1,-1
294,232,31.69,260.69,40.05,32.39,1,-1,-1,-1
295,234,554.07,80.71,25.34,23.50,1,-1,-1,-1
295,233,87.85,213.49,29.43,26.41,1,-1,-1,-1
295,232,30.19,260.47,40.07,32.28,1,-1,-1,-1
296,234,552.76,80.82,25.39,23.54,1,-1,-1,-1
296,233,85.79,213.23,29.74,26.52,1,-1,-1,-1
296,232,28.49,260.29,40.14,32.27,1,-1,-1,-1
297,234,551.94,81.33,24.89,23.07,1,-1,-1,-1
297,233,84.50,212.87,29.86,26.67,1,-1,-1,-1
297,232,26.16,260.95,40.25,32.08,1,-1,-1,-1
298,234,551.04,81.51,24.60,22.80,1,-1,-1,-1
298,233,82.73,212.65,30.10,27.06,1,-1,-1,-1
298,232,24.39,260.46,40.66,32.48,1,-1,-1,-1
299,234,550.78,81.48,24.32,22.54,1,-1,-1,-1
299,233,82.12,212.46,30.28,27.32,1,-1,-1,-1
299,232,23.70,260.15,40.96,32.76,1,-1,-1,-1
300,234,550.61,81.84,23.85,22.07,1,-1,-1,-1
300,233,79.68,213.39,29.88,27.04,1,-1,-1,-1
300,232,22.62,260.09,40.85,32.78,1,-1,-1,-1
301,234,549.83,82.53,23.62,21.85,1,-1,-1,-1
301,233,78.36,213.80,29.37,26.70,1,-1,-1,-1
301,232,20.81,260.23,40.77,32.67,1,-1,-1,-1
302,233,77.02,213.87,29.06,26.45,1,-1,-1,-1
302,232,18.94,260.50,40.51,32.40,1,-1,-1,-1
303,233,75.51,213.85,29.04,26.32,1,-1,-1,-1
303,232,16.90,260.54,40.34,32.34,1,-1,-1,-1
304,233,73.82,214.42,29.08,26.01,1,-1,-1,-1
304,232,14.64,261.03,39.97,32.20,1,-1,-1,-1
305,233,72.10,215.08,29.14,25.84,1,-1,-1,-1
305,232,12.83,261.46,40.15,32.37,1,-1,-1,-1
306,233,71.47,215.36,29.19,25.72,1,-1,-1,-1
306,232,12.20,261.60,40.22,32.48,1,-1,-1,-1
307,233,70.04,215.87,29.18,25.81,1,-1,-1,-1
307,232,10.69,261.82,40.56,32.63,1,-1,-1,-1
308,233,67.66,216.04,28.57,25.53,1,-1,-1,-1
308,232,7.43,262.20,41.30,32.70,1,-1,-1,-1
309,233,65.86,216.16,28.06,25.33,1,-1,-1,-1
309,232,4.81,262.60,41.36,32.67,1,-1,-1,-1
310,233,64.64,216.55,27.71,25.07,1,-1,-1,-1
310,232,2.89,262.63,41.92,33.10,1,-1,-1,-1
311,234,538.55,87.85,22.15,21.10,1,-1,-1,-1
311,233,62.68,217.08,27.69,25.08,1,-1,-1,-1
311,232,0.73,262.80,42.51,34.02,1,-1,-1,-1
312,234,538.15,88.13,22.05,21.01,1,-1,-1,-1
312,233,61.98,217.28,27.67,25.09,1,-1,-1,-1
312,232,-0.13,262.70,42.92,34.69,1,-1,-1,-1
313,234,537.06,88.62,22.91,21.71,1,-1,-1,-1
313,233,60.64,218.21,27.62,25.07,1,-1,-1,-1
313,232,-0.98,263.05,42.42,34.58,1,-1,-1,-1
314,234,535.36,89.17,22.85,21.62,1,-1,-1,-1
314,233,58.59,218.85,27.91,25.19,1,-1,-1,-1
314,232,-1.57,263.36,41.48,34.37,1,-1,-1,-1
315,234,533.45,90.05,22.64,21.35,1,-1,-1,-1
315,233,56.40,219.85,28.04,25.43,1,-1,-1,-1
315,232,-2.19,263.95,39.90,34.32,1,-1,-1,-1
316,234,531.92,91.42,22.29,21.02,1,-1,-1,-1
316,233,54.52,220.89,27.94,25.54,1,-1,-1,-1
316,232,-2.34,264.55,38.42,34.52,1,-1,-1,-1
317,234,530.25,91.88,22.28,20.99,1,-1,-1,-1
317,233,52.45,221.24,28.01,25.73,1,-1,-1,-1
317,232,-2.75,265.13,36.37,34.68,1,-1,-1,-1
318,234,529.63,92.06,22.29,20.98,1,-1,-1,-1
318,233,51.71,221.35,28.11,25.91,1,-1,-1,-1
318,232,-2.52,265.32,34.86,34.81,1,-1,-1,-1
319,234,528.31,92.81,22.61,21.32,1,-1,-1,-1
319,233,50.09,221.66,27.84,25.67,1,-1,-1,-1
319,232,-2.56,265.57,33.10,34.84,1,-1,-1,-1
320,234,527.61,93.95,22.34,21.06,1,-1,-1,-1
320,233,48.21,222.33,27.57,25.44,1,-1,-1,-1
320,232,-2.74,266.23,31.08,34.65,1,-1,-1,-1
321,234,526.47,94.38,22.38,21.08,1,-1,-1,-1
321,233,46.24,222.81,27.75,25.67,1,-1,-1,-1
321,232,-3.08,266.46,28.67,33.78,1,-1,-1,-1
322,234,523.57,95.11,23.17,21.78,1,-1,-1,-1
322,233,44.06,224.12,27.14,25.26,1,-1,-1,-1
322,232,-2.92,266.65,26.63,33.11,1,-1,-1,-1
323,234,520.99,96.52,23.47,22.13,1,-1,-1,-1
323,233,42.35,224.79,27.69,25.42,1,-1,-1,-1
324,234,520.00,96.98,23.68,22.38,1,-1,-1,-1
324,233,41.66,225.00,28.10,25.54,1,-1,-1,-1
325,234,518.86,97.27,23.61,22.38,1,-1,-1,-1
325,233,39.79,225.75,28.45,25.55,1,-1,-1,-1
326,234,517.02,97.85,23.39,22.14,1,-1,-1,-1
326,233,37.10,226.68,28.58,25.40,1,-1,-1,-1
327,234,515.71,98.46,23.21,22.01,1,-1,-1,-1
327,233,34.48,227.39,28.88,25.68,1,-1,-1,-1
328,234,514.49,99.13,23.14,21.98,1,-1,-1,-1
328,233,31.60,227.96,28.37,25.38,1,-1,-1,-1
329,234,513.40,99.79,23.30,22.16,1,-1,-1,-1
329,233,29.55,228.97,27.96,25.17,1,-1,-1,-1
330,234,513.00,99.99,23.42,22.29,1,-1,-1,-1
330,233,28.91,229.38,27.66,25.01,1,-1,-1,-1
331,234,511.48,100.80,23.23,22.08,1,-1,-1,-1
331,233,27.61,230.20,27.06,24.56,1,-1,-1,-1
332,234,509.80,101.73,22.74,21.61,1,-1,-1,-1
332,233,25.50,231.24,27.06,24.59,1,-1,-1,-1
333,234,507.80,102.39,22.31,21.23,1,-1,-1,-1
333,233,23.06,232.04,27.23,24.66,1,-1,-1,-1
334,234,506.07,103.04,22.21,21.13,1,-1,-1,-1
334,233,20.63,233.31,27.79,24.85,1,-1,-1,-1
335,234,504.46,103.85,22.14,21.10,1,-1,-1,-1
335,233,18.61,233.99,27.12,24.53,1,-1,-1,-1
336,234,503.90,104.07,22.10,21.08,1,-1,-1,-1
336,233,18.02,234.27,26.64,24.30,1,-1,-1,-1
337,234,502.80,105.19,22.25,21.19,1,-1,-1,-1
337,233,16.40,234.98,26.33,24.05,1,-1,-1,-1
338,233,13.65,235.72,27.15,24.71,1,-1,-1,-1
339,233,11.17,236.25,28.14,25.68,1,-1,-1,-1
340,233,7.88,237.12,28.43,25.73,1,-1,-1,-1
341,233,5.24,238.10,28.34,25.70,1,-1,-1,-1
342,233,4.32,238.46,28.28,25.68,1,-1,-1,-1
343,234,494.13,107.22,21.99,20.52,1,-1,-1,-1
343,233,2.83,238.64,28.58,26.16,1,-1,-1,-1
344,234,492.71,107.06,22.21,20.83,1,-1,-1,-1
344,233,0.50,238.65,28.87,26.85,1,-1,-1,-1
345,234,491.85,107.62,22.36,21.05,1,-1,-1,-1
345,233,-0.80,239.33,28.79,28.81,1,-1,-1,-1
346,233,-1.39,239.63,28.41,30.58,1,-1,-1,-1
347,233,-1.82,239.86,27.58,32.13,1,-1,-1,-1
348,233,-1.74,239.61,26.95,33.36,1,-1,-1,-1
349,233,-1.94,240.13,25.85,34.03,1,-1,-1,-1
350,233,-2.22,240.44,24.39,33.22,1,-1,-1,-1
351,233,-2.09,240.70,23.22,32.46,1,-1,-1,-1
