1,205,308.88,198.03,48.65,41.31,1,-1,-1,-1
1,204,330.73,7.09,44.26,35.89,1,-1,-1,-1
1,203,321.29,96.41,40.38,39.79,1,-1,-1,-1
2,205,301.44,195.05,52.62,44.00,1,-1,-1,-1
2,204,329.56,7.31,47.29,38.81,1,-1,-1,-1
2,203,322.50,99.78,42.05,41.94,1,-1,-1,-1
3,205,302.12,196.40,51.76,42.96,1,-1,-1,-1
3,204,330.24,7.78,47.19,38.73,1,-1,-1,-1
3,203,320.22,97.95,42.10,41.67,1,-1,-1,-1
4,205,303.19,197.91,50.59,41.76,1,-1,-1,-1
4,204,328.73,8.68,48.34,39.35,1,-1,-1,-1
4,203,320.34,98.85,42.62,42.63,1,-1,-1,-1
5,205,304.22,199.30,49.70,40.76,1,-1,-1,-1
5,204,327.85,9.66,47.62,39.40,1,-1,-1,-1
5,203,321.42,100.79,42.04,42.31,1,-1,-1,-1
6,205,304.34,202.05,47.93,39.25,1,-1,-1,-1
6,204,328.49,11.22,47.12,39.50,1,-1,-1,-1
6,203,320.96,102.15,41.45,41.61,1,-1,-1,-1
7,205,315.66,208.80,40.75,33.70,1,-1,-1,-1
7,204,328.49,12.87,46.55,39.40,1,-1,-1,-1
7,203,321.64,104.31,40.38,40.33,1,-1,-1,-1
8,205,310.97,208.92,38.45,32.16,1,-1,-1,-1
8,204,329.09,15.47,45.06,38.43,1,-1,-1,-1
8,203,320.96,105.39,40.58,40.35,1,-1,-1,-1
9,205,318.73,213.47,34.61,29.32,1,-1,-1,-1
9,204,328.74,15.92,44.99,38.55,1,-1,-1,-1
9,203,321.00,107.19,40.15,39.57,1,-1,-1,-1
10,205,309.95,211.34,37.65,31.95,1,-1,-1,-1
10,204,328.49,16.34,44.69,38.47,1,-1,-1,-1
10,203,318.99,107.54,40.76,39.55,1,-1,-1,-1
11,205,306.06,210.78,39.70,33.54,1,-1,-1,-1
11,204,328.43,17.12,44.65,38.68,1,-1,-1,-1
11,203,318.39,108.70,41.16,39.73,1,-1,-1,-1
12,205,307.80,212.39,40.91,34.01,1,-1,-1,-1
12,204,328.63,18.19,45.01,39.13,1,-1,-1,-1
12,203,317.80,110.48,41.74,39.52,1,-1,-1,-1
13,205,306.61,213.33,42.33,34.80,1,-1,-1,-1
13,204,328.37,19.50,45.32,39.45,1,-1,-1,-1
13,203,317.85,112.12,41.88,39.19,1,-1,-1,-1
14,205,306.84,214.31,42.61,34.77,1,-1,-1,-1
14,204,328.05,20.46,45.62,39.81,1,-1,-1,-1
14,203,318.91,113.91,41.00,38.92,1,-1,-1,-1
15,205,305.09,215.08,43.82,35.32,1,-1,-1,-1
15,204,327.43,22.11,45.78,40.05,1,-1,-1,-1
15,203,319.55,115.76,40.30,38.56,1,-1,-1,-1
16,206,98.11,179.86,25.49,24.94,1,-1,-1,-1
16,205,301.81,215.53,44.32,36.12,1,-1,-1,-1
16,204,327.06,22.91,45.47,38.91,1,-1,-1,-1
16,203,318.92,116.39,40.13,38.56,1,-1,-1,-1
17,206,97.76,181.27,25.30,24.68,1,-1,-1,-1
17,205,304.11,217.55,42.93,34.99,1,-1,-1,-1
17,204,327.33,24.24,44.69,37.95,1,-1,-1,-1
17,203,318.35,117.65,40.56,38.91,1,-1,-1,-1
18,206,96.66,181.98,25.91,25.14,1,-1,-1,-1
18,205,304.63,218.91,41.96,34.37,1,-1,-1,-1
18,204,327.13,25.88,44.88,37.91,1,-1,-1,-1
18,203,317.42,118.81,40.67,39.01,1,-1,-1,-1
19,206,95.74,182.67,26.78,25.77,1,-1,-1,-1
19,205,313.06,224.20,38.21,31.97,1,-1,-1,-1
19,204,326.59,27.38,45.14,38.01,1,-1,-1,-1
19,203,315.75,118.93,41.53,39.83,1,-1,-1,-1
20,206,96.11,183.73,25.77,24.76,1,-1,-1,-1
20,205,310.35,224.58,39.11,32.56,1,-1,-1,-1
20,204,326.28,28.44,45.23,38.17,1,-1,-1,-1
20,203,314.26,119.15,42.34,40.68,1,-1,-1,-1
21,206,96.13,184.79,25.48,24.45,1,-1,-1,-1
21,205,307.71,224.45,40.90,33.80,1,-1,-1,-1
21,204,325.67,30.46,46.00,38.89,1,-1,-1,-1
21,203,313.40,119.46,43.19,41.69,1,-1,-1,-1
22,206,96.47,186.48,24.86,24.05,1,-1,-1,-1
22,205,303.54,224.15,42.99,35.92,1,-1,-1,-1
22,204,325.49,31.32,46.28,39.07,1,-1,-1,-1
22,203,315.29,122.75,43.14,42.57,1,-1,-1,-1
23,205,302.21,224.85,44.19,37.22,1,-1,-1,-1
23,204,325.52,31.83,46.62,39.20,1,-1,-1,-1
23,203,311.51,120.73,42.69,40.94,1,-1,-1,-1
24,205,302.21,226.73,43.95,36.94,1,-1,-1,-1
24,204,325.32,32.82,46.72,39.27,1,-1,-1,-1
24,203,310.76,121.25,41.93,39.61,1,-1,-1,-1
25,205,299.93,227.38,44.23,37.58,1,-1,-1,-1
25,204,325.11,34.20,46.53,39.16,1,-1,-1,-1
25,203,306.05,120.71,40.18,37.11,1,-1,-1,-1
26,205,297.99,227.55,45.35,38.69,1,-1,-1,-1
26,204,324.52,35.70,46.62,39.26,1,-1,-1,-1
27,205,299.01,230.04,45.36,38.76,1,-1,-1,-1
27,204,323.84,37.35,46.90,39.55,1,-1,-1,-1
28,205,299.71,231.94,45.26,38.66,1,-1,-1,-1
28,204,323.68,39.23,46.79,39.46,1,-1,-1,-1
29,205,299.85,233.55,45.06,38.54,1,-1,-1,-1
29,204,323.25,40.51,46.83,39.59,1,-1,-1,-1
30,208,317.34,141.91,43.30,38.87,1,-1,-1,-1
30,207,284.74,101.41,30.06,28.79,1,-1,-1,-1
30,205,298.15,234.53,45.10,38.59,1,-1,-1,-1
30,204,323.35,41.89,46.52,39.49,1,-1,-1,-1
31,208,314.31,142.13,46.35,41.09,1,-1,-1,-1
31,207,281.53,105.11,31.50,30.97,1,-1,-1,-1
31,205,296.22,235.51,45.68,39.18,1,-1,-1,-1
31,204,322.60,43.91,46.40,39.36,1,-1,-1,-1
32,208,312.15,141.20,48.83,42.93,1,-1,-1,-1
32,205,295.94,237.25,46.20,39.75,1,-1,-1,-1
32,204,322.68,45.13,45.94,38.96,1,-1,-1,-1
33,208,310.59,141.48,50.67,44.43,1,-1,-1,-1
33,205,294.70,237.40,46.99,39.47,1,-1,-1,-1
33,204,322.14,47.01,45.23,38.28,1,-1,-1,-1
34,208,307.80,140.37,50.04,44.34,1,-1,-1,-1
34,205,292.71,238.05,47.44,39.20,1,-1,-1,-1
34,204,320.87,47.91,44.77,37.70,1,-1,-1,-1
35,208,306.79,140.47,48.64,43.17,1,-1,-1,-1
35,205,292.63,239.64,47.82,38.78,1,-1,-1,-1
35,204,320.06,48.87,44.68,37.50,1,-1,-1,-1
36,208,306.57,142.10,47.70,42.34,1,-1,-1,-1
36,205,291.47,241.30,47.48,38.25,1,-1,-1,-1
36,204,319.21,50.03,44.63,37.21,1,-1,-1,-1
37,208,305.71,142.51,47.60,42.55,1,-1,-1,-1
37,205,290.83,242.75,48.14,38.61,1,-1,-1,-1
37,204,318.15,51.37,44.74,36.94,1,-1,-1,-1
38,208,304.59,142.87,47.76,42.99,1,-1,-1,-1
38,206,88.64,206.80,26.20,25.50,1,-1,-1,-1
38,205,292.13,244.17,48.12,38.37,1,-1,-1,-1
38,204,317.18,52.11,44.86,36.95,1,-1,-1,-1
39,208,303.74,142.74,48.31,44.03,1,-1,-1,-1
39,206,88.12,207.41,25.32,24.56,1,-1,-1,-1
39,205,292.02,244.40,48.42,38.82,1,-1,-1,-1
39,204,316.69,52.71,45.10,37.58,1,-1,-1,-1
40,208,303.09,142.99,48.36,44.34,1,-1,-1,-1
40,206,87.66,208.07,24.89,24.00,1,-1,-1,-1
40,205,291.96,245.44,48.39,38.67,1,-1,-1,-1
40,204,315.90,53.30,45.41,37.86,1,-1,-1,-1
41,208,302.71,144.15,47.44,44.14,1,-1,-1,-1
41,206,86.80,209.26,24.54,23.60,1,-1,-1,-1
41,205,289.64,245.96,49.14,38.98,1,-1,-1,-1
41,204,315.20,54.04,45.99,38.37,1,-1,-1,-1
42,208,302.21,145.36,46.88,44.02,1,-1,-1,-1
42,206,86.54,210.45,24.47,23.56,1,-1,-1,-1
42,205,288.16,246.32,50.10,39.72,1,-1,-1,-1
42,204,314.59,54.51,46.76,38.84,1,-1,-1,-1
43,208,302.28,146.31,46.42,44.07,1,-1,-1,-1
43,205,287.74,247.18,49.87,39.48,1,-1,-1,-1
43,204,313.68,54.51,47.65,40.01,1,-1,-1,-1
44,209,322.68,-0.13,29.22,19.58,1,-1,-1,-1
44,208,303.17,148.00,45.97,44.01,1,-1,-1,-1
44,205,287.64,248.88,48.90,38.88,1,-1,-1,-1
44,204,313.46,55.44,47.58,40.34,1,-1,-1,-1
45,209,321.94,-0.09,29.25,19.70,1,-1,-1,-1
45,208,302.91,148.33,46.13,44.50,1,-1,-1,-1
45,205,288.78,250.53,47.43,37.69,1,-1,-1,-1
45,204,314.13,56.88,46.65,39.91,1,-1,-1,-1
46,209,321.02,0.11,29.73,20.31,1,-1,-1,-1
46,208,302.13,149.02,46.96,43.69,1,-1,-1,-1
46,205,288.79,251.76,46.87,37.38,1,-1,-1,-1
46,204,314.35,58.62,45.88,39.52,1,-1,-1,-1
47,209,319.94,0.21,30.29,20.98,1,-1,-1,-1
47,208,301.76,150.37,47.35,42.96,1,-1,-1,-1
47,205,284.99,252.73,46.44,36.81,1,-1,-1,-1
47,204,313.63,60.12,45.65,39.61,1,-1,-1,-1
48,209,316.69,0.67,33.37,23.29,1,-1,-1,-1
48,208,301.33,152.33,47.68,42.47,1,-1,-1,-1
48,205,289.87,256.45,45.13,35.59,1,-1,-1,-1
48,204,311.87,61.64,45.95,40.13,1,-1,-1,-1
49,209,314.19,0.74,36.30,25.37,1,-1,-1,-1
49,208,300.78,153.98,47.10,41.51,1,-1,-1,-1
49,205,289.70,257.77,45.52,35.91,1,-1,-1,-1
49,204,311.34,63.43,46.50,40.77,1,-1,-1,-1
50,209,311.88,0.58,38.81,26.97,1,-1,-1,-1
50,208,299.25,154.73,46.51,40.78,1,-1,-1,-1
50,205,289.01,258.50,46.12,36.33,1,-1,-1,-1
50,204,312.29,64.28,46.09,40.67,1,-1,-1,-1
51,209,309.92,0.40,40.67,28.18,1,-1,-1,-1
51,208,298.47,157.28,45.30,39.63,1,-1,-1,-1
51,205,284.70,257.96,46.23,37.23,1,-1,-1,-1
51,204,311.67,65.67,46.42,41.01,1,-1,-1,-1
52,209,304.68,0.38,43.09,29.59,1,-1,-1,-1
52,208,298.87,159.86,44.66,38.96,1,-1,-1,-1
52,205,282.86,258.59,47.32,37.58,1,-1,-1,-1
52,204,310.74,67.11,47.17,41.70,1,-1,-1,-1
53,209,302.35,0.40,45.13,30.95,1,-1,-1,-1
53,208,299.71,161.27,44.14,38.46,1,-1,-1,-1
53,205,282.20,260.26,47.05,36.84,1,-1,-1,-1
53,204,310.47,68.08,47.83,42.10,1,-1,-1,-1
54,209,300.24,0.19,46.49,31.81,1,-1,-1,-1
54,208,299.80,162.11,44.67,38.86,1,-1,-1,-1
54,205,281.63,261.54,47.21,36.40,1,-1,-1,-1
54,204,311.23,69.23,47.24,41.35,1,-1,-1,-1
55,209,299.04,-0.02,47.07,32.32,1,-1,-1,-1
55,208,298.99,163.55,45.21,39.33,1,-1,-1,-1
55,205,281.41,262.37,47.34,36.39,1,-1,-1,-1
55,204,311.86,70.56,46.50,40.52,1,-1,-1,-1
56,209,298.01,0.02,47.79,33.04,1,-1,-1,-1
56,208,301.79,168.41,43.33,38.33,1,-1,-1,-1
56,205,281.24,263.91,47.33,36.65,1,-1,-1,-1
56,204,311.55,72.27,46.28,40.26,1,-1,-1,-1
57,209,297.57,0.12,48.17,33.83,1,-1,-1,-1
57,208,306.73,173.71,40.43,36.24,1,-1,-1,-1
57,205,280.71,265.20,46.95,36.49,1,-1,-1,-1
57,204,311.49,73.95,46.19,39.97,1,-1,-1,-1
58,209,297.49,-0.04,48.20,34.27,1,-1,-1,-1
58,208,308.74,176.53,38.32,34.60,1,-1,-1,-1
58,205,286.10,268.32,45.91,36.15,1,-1,-1,-1
58,204,311.04,74.90,46.14,40.09,1,-1,-1,-1
59,209,297.43,0.07,48.53,34.98,1,-1,-1,-1
59,208,307.61,176.98,38.11,34.79,1,-1,-1,-1
59,205,286.97,269.15,46.19,36.77,1,-1,-1,-1
59,204,311.72,75.95,45.75,39.74,1,-1,-1,-1
60,209,297.28,0.35,49.37,36.10,1,-1,-1,-1
60,208,306.17,176.95,38.10,34.86,1,-1,-1,-1
60,205,286.68,270.14,46.74,37.30,1,-1,-1,-1
60,204,311.01,76.51,46.35,40.21,1,-1,-1,-1
61,209,297.03,0.42,51.42,37.32,1,-1,-1,-1
61,208,305.52,178.18,37.98,34.77,1,-1,-1,-1
61,205,283.34,270.39,48.04,37.78,1,-1,-1,-1
61,204,310.24,77.51,46.95,40.49,1,-1,-1,-1
62,209,296.38,0.46,53.36,38.55,1,-1,-1,-1
62,208,301.11,176.80,39.98,36.14,1,-1,-1,-1
62,205,280.47,270.78,48.62,37.96,1,-1,-1,-1
62,204,310.11,78.50,47.16,40.32,1,-1,-1,-1
63,209,295.79,0.13,54.68,39.14,1,-1,-1,-1
63,208,298.27,176.08,41.80,37.42,1,-1,-1,-1
63,205,279.31,271.36,49.23,38.31,1,-1,-1,-1
63,204,309.78,79.70,47.30,40.30,1,-1,-1,-1
64,209,294.68,0.08,55.75,39.82,1,-1,-1,-1
64,208,297.39,176.61,42.67,38.03,1,-1,-1,-1
64,205,279.84,271.33,49.07,38.92,1,-1,-1,-1
64,204,311.11,82.23,47.02,40.30,1,-1,-1,-1
65,209,294.01,-0.08,56.30,40.23,1,-1,-1,-1
65,208,297.30,177.75,43.11,38.32,1,-1,-1,-1
65,205,280.03,271.62,48.70,39.17,1,-1,-1,-1
65,204,310.62,83.16,45.84,39.37,1,-1,-1,-1
66,209,293.45,0.13,56.85,41.05,1,-1,-1,-1
66,208,298.15,178.25,42.82,37.95,1,-1,-1,-1
66,205,279.31,271.99,48.64,39.56,1,-1,-1,-1
66,204,308.92,84.72,46.13,39.41,1,-1,-1,-1
67,209,292.43,0.06,57.18,41.62,1,-1,-1,-1
67,208,298.52,180.54,42.60,37.62,1,-1,-1,-1
67,205,279.94,274.37,47.88,38.75,1,-1,-1,-1
67,204,308.19,85.70,46.31,39.44,1,-1,-1,-1
68,209,291.79,0.25,57.79,42.52,1,-1,-1,-1
68,208,298.42,181.53,42.56,37.59,1,-1,-1,-1
68,205,280.76,275.65,46.63,38.32,1,-1,-1,-1
68,204,307.93,87.32,46.23,39.59,1,-1,-1,-1
69,210,370.16,0.32,46.04,33.03,1,-1,-1,-1
69,209,291.34,0.52,58.45,43.72,1,-1,-1,-1
69,208,297.67,182.45,42.72,37.64,1,-1,-1,-1
69,205,279.83,276.99,45.65,38.12,1,-1,-1,-1
69,204,307.50,88.09,45.92,39.58,1,-1,-1,-1
70,210,369.60,0.28,46.17,33.54,1,-1,-1,-1
70,209,290.54,0.58,58.97,44.83,1,-1,-1,-1
70,208,296.86,183.34,42.85,37.67,1,-1,-1,-1
70,205,279.79,277.91,45.50,38.22,1,-1,-1,-1
70,204,306.97,88.30,46.17,39.96,1,-1,-1,-1
71,210,369.19,0.27,46.50,34.13,1,-1,-1,-1
71,209,290.41,0.73,59.49,46.12,1,-1,-1,-1
71,208,294.87,183.08,43.53,38.27,1,-1,-1,-1
71,205,278.93,278.77,46.02,38.79,1,-1,-1,-1
71,204,306.90,88.25,45.87,39.81,1,-1,-1,-1
72,210,368.87,0.11,46.30,34.26,1,-1,-1,-1
72,209,290.52,1.12,59.03,47.71,1,-1,-1,-1
72,208,293.70,182.66,44.06,38.84,1,-1,-1,-1
72,205,277.92,279.73,46.62,39.36,1,-1,-1,-1
72,204,306.85,88.88,45.26,39.50,1,-1,-1,-1
73,210,368.72,0.05,46.23,34.43,1,-1,-1,-1
73,209,290.21,0.99,59.04,49.01,1,-1,-1,-1
73,208,294.29,184.14,43.57,38.53,1,-1,-1,-1
73,205,278.06,280.63,47.01,39.71,1,-1,-1,-1
73,204,306.92,89.98,45.05,38.41,1,-1,-1,-1
74,210,368.45,0.16,46.23,34.82,1,-1,-1,-1
74,209,290.09,0.62,58.92,49.85,1,-1,-1,-1
74,208,295.45,185.63,43.30,38.37,1,-1,-1,-1
74,205,277.80,281.06,47.68,40.36,1,-1,-1,-1
74,204,307.14,91.57,45.24,38.88,1,-1,-1,-1
75,210,368.11,1.24,45.19,36.39,1,-1,-1,-1
75,209,289.93,0.58,59.13,50.87,1,-1,-1,-1
75,208,296.04,186.29,43.08,38.24,1,-1,-1,-1
75,205,277.56,281.93,47.94,40.67,1,-1,-1,-1
75,204,306.18,92.10,45.47,38.68,1,-1,-1,-1
76,210,367.74,1.53,45.04,38.10,1,-1,-1,-1
76,209,289.92,0.35,58.81,51.54,1,-1,-1,-1
76,208,297.80,188.08,41.52,37.93,1,-1,-1,-1
76,205,276.62,282.51,48.41,41.22,1,-1,-1,-1
76,204,305.56,93.01,45.23,38.31,1,-1,-1,-1
77,210,367.55,1.67,44.83,39.84,1,-1,-1,-1
77,209,289.75,0.26,58.45,52.19,1,-1,-1,-1
77,208,294.98,187.94,42.53,38.59,1,-1,-1,-1
77,205,275.95,283.27,48.43,41.47,1,-1,-1,-1
77,204,305.68,94.42,45.04,37.98,1,-1,-1,-1
78,210,367.69,1.70,44.18,41.43,1,-1,-1,-1
78,209,289.87,1.32,58.17,52.94,1,-1,-1,-1
78,208,295.56,189.53,41.60,38.14,1,-1,-1,-1
78,205,277.86,285.29,48.14,40.49,1,-1,-1,-1
78,204,306.16,96.07,44.37,37.22,1,-1,-1,-1
79,210,366.47,5.33,45.14,42.85,1,-1,-1,-1
79,209,289.51,1.98,58.50,53.87,1,-1,-1,-1
79,208,295.98,190.26,40.87,37.93,1,-1,-1,-1
79,205,278.56,287.20,47.79,39.81,1,-1,-1,-1
79,204,306.65,97.28,43.90,37.46,1,-1,-1,-1
80,210,366.05,7.47,45.54,43.60,1,-1,-1,-1
80,209,289.28,2.45,58.74,54.59,1,-1,-1,-1
80,208,295.80,191.02,40.70,38.07,1,-1,-1,-1
80,205,278.65,288.39,47.84,39.54,1,-1,-1,-1
80,204,306.21,99.05,43.88,37.25,1,-1,-1,-1
81,210,365.25,8.49,45.93,44.21,1,-1,-1,-1
81,209,288.83,3.31,58.91,55.12,1,-1,-1,-1
81,208,294.98,191.88,40.72,38.19,1,-1,-1,-1
81,205,277.44,289.67,48.09,39.36,1,-1,-1,-1
81,204,305.98,100.34,43.60,36.96,1,-1,-1,-1
82,210,364.77,9.75,46.19,44.59,1,-1,-1,-1
82,209,288.40,4.63,59.00,55.71,1,-1,-1,-1
82,208,294.15,192.60,40.78,38.28,1,-1,-1,-1
82,205,277.89,291.18,48.84,39.11,1,-1,-1,-1
82,204,305.20,100.87,43.88,37.22,1,-1,-1,-1
83,210,364.81,11.11,46.42,44.82,1,-1,-1,-1
83,209,288.00,5.67,59.31,56.29,1,-1,-1,-1
83,208,295.95,194.86,40.26,38.81,1,-1,-1,-1
83,205,275.85,292.61,49.05,39.99,1,-1,-1,-1
83,204,304.82,101.45,44.48,37.47,1,-1,-1,-1
84,210,364.51,12.55,46.83,45.23,1,-1,-1,-1
84,209,287.85,6.66,59.19,56.27,1,-1,-1,-1
84,208,296.86,197.10,40.01,39.02,1,-1,-1,-1
84,205,274.87,293.05,49.17,40.71,1,-1,-1,-1
84,204,304.97,102.51,44.70,37.14,1,-1,-1,-1
85,210,364.21,14.01,47.19,45.52,1,-1,-1,-1
85,209,287.70,7.56,58.79,56.01,1,-1,-1,-1
85,208,297.13,200.12,39.57,38.37,1,-1,-1,-1
85,205,275.56,293.28,49.33,41.20,1,-1,-1,-1
85,204,304.26,103.93,44.66,37.19,1,-1,-1,-1
86,210,363.90,14.99,47.69,46.11,1,-1,-1,-1
86,209,287.58,8.78,58.35,55.73,1,-1,-1,-1
86,208,298.78,203.33,38.01,36.54,1,-1,-1,-1
86,205,275.45,294.28,48.93,41.13,1,-1,-1,-1
86,204,304.56,105.66,43.69,36.39,1,-1,-1,-1
87,210,363.49,17.45,48.52,46.96,1,-1,-1,-1
87,209,287.62,10.84,57.67,55.39,1,-1,-1,-1
87,208,299.62,205.53,36.80,35.26,1,-1,-1,-1
87,205,275.49,295.97,48.24,40.30,1,-1,-1,-1
87,204,305.09,107.71,42.96,36.51,1,-1,-1,-1
88,210,363.00,20.07,49.14,47.62,1,-1,-1,-1
88,209,287.89,13.23,57.03,54.93,1,-1,-1,-1
88,208,299.20,206.93,36.74,35.09,1,-1,-1,-1
88,205,275.59,297.91,47.38,38.97,1,-1,-1,-1
88,204,305.59,109.28,42.53,36.72,1,-1,-1,-1
89,210,362.68,21.76,49.80,48.36,1,-1,-1,-1
89,209,288.03,15.04,56.50,54.37,1,-1,-1,-1
89,208,298.91,207.93,36.73,35.05,1,-1,-1,-1
89,205,276.38,299.32,46.68,37.72,1,-1,-1,-1
89,204,305.10,111.64,42.56,36.67,1,-1,-1,-1
90,210,362.28,23.33,50.80,49.45,1,-1,-1,-1
90,209,288.27,16.74,56.32,54.20,1,-1,-1,-1
90,208,298.59,209.06,37.25,35.59,1,-1,-1,-1
90,205,276.95,300.25,46.03,36.68,1,-1,-1,-1
90,204,304.74,112.93,43.53,37.42,1,-1,-1,-1
91,210,361.78,25.10,50.80,49.93,1,-1,-1,-1
91,209,289.02,18.75,56.43,54.21,1,-1,-1,-1
91,208,298.04,209.36,37.86,36.52,1,-1,-1,-1
91,205,277.54,300.82,45.98,35.87,1,-1,-1,-1
91,204,304.09,113.94,44.20,37.87,1,-1,-1,-1
92,210,361.68,26.25,50.28,49.69,1,-1,-1,-1
92,209,288.90,20.49,57.03,54.65,1,-1,-1,-1
92,208,297.16,210.18,38.36,37.02,1,-1,-1,-1
92,205,277.55,301.48,46.56,35.07,1,-1,-1,-1
92,204,304.61,114.73,43.89,37.10,1,-1,-1,-1
93,210,361.10,26.97,50.37,50.09,1,-1,-1,-1
93,209,287.59,20.50,57.38,55.21,1,-1,-1,-1
93,208,295.77,211.05,38.55,37.08,1,-1,-1,-1
93,205,278.21,303.49,46.16,33.49,1,-1,-1,-1
93,204,304.39,115.74,44.26,36.68,1,-1,-1,-1
94,210,360.53,28.52,50.27,50.19,1,-1,-1,-1
94,209,286.25,20.44,58.21,55.78,1,-1,-1,-1
94,208,294.73,211.43,38.74,37.38,1,-1,-1,-1
94,205,278.11,305.73,45.60,31.60,1,-1,-1,-1
94,204,304.02,117.08,44.37,36.25,1,-1,-1,-1
95,210,359.88,30.51,49.87,49.95,1,-1,-1,-1
95,209,285.71,21.09,58.57,55.85,1,-1,-1,-1
95,208,294.28,213.03,39.26,37.74,1,-1,-1,-1
95,205,277.66,307.39,45.33,29.90,1,-1,-1,-1
95,204,304.72,118.76,43.33,35.40,1,-1,-1,-1
96,210,359.56,31.78,49.60,49.70,1,-1,-1,-1
96,209,285.05,21.71,58.93,55.77,1,-1,-1,-1
96,208,293.94,214.41,39.78,37.95,1,-1,-1,-1
96,205,276.65,308.93,45.37,28.27,1,-1,-1,-1
96,204,306.15,119.70,41.11,34.52,1,-1,-1,-1
97,210,359.13,33.83,49.59,49.70,1,-1,-1,-1
97,209,283.67,22.77,59.57,55.91,1,-1,-1,-1
97,208,287.76,211.67,41.68,38.93,1,-1,-1,-1
97,205,275.37,310.21,45.54,26.83,1,-1,-1,-1
97,204,306.85,121.41,39.35,33.64,1,-1,-1,-1
98,210,359.12,36.05,49.18,49.18,1,-1,-1,-1
98,209,282.04,23.78,60.30,56.11,1,-1,-1,-1
98,208,284.30,210.73,43.11,39.70,1,-1,-1,-1
98,205,275.26,311.76,45.52,25.28,1,-1,-1,-1
98,204,305.05,122.95,39.68,34.11,1,-1,-1,-1
99,210,359.42,37.43,48.67,48.52,1,-1,-1,-1
99,209,281.56,24.38,60.96,56.45,1,-1,-1,-1
99,208,281.85,209.89,44.05,40.21,1,-1,-1,-1
99,205,274.06,311.94,45.78,24.58,1,-1,-1,-1
99,204,301.73,124.22,41.17,34.93,1,-1,-1,-1
100,210,359.67,38.59,47.89,47.57,1,-1,-1,-1
100,209,280.41,25.08,61.61,56.84,1,-1,-1,-1
100,208,280.63,210.40,44.69,40.50,1,-1,-1,-1
100,205,271.60,311.92,46.39,24.20,1,-1,-1,-1
100,204,300.39,126.73,41.84,35.62,1,-1,-1,-1
101,210,356.76,39.18,48.13,47.62,1,-1,-1,-1
101,209,279.58,25.68,61.77,56.97,1,-1,-1,-1
101,208,279.52,210.92,45.16,40.75,1,-1,-1,-1
101,205,270.13,313.49,48.65,22.89,1,-1,-1,-1
101,204,299.51,127.05,42.60,36.27,1,-1,-1,-1
102,210,355.13,39.49,48.16,47.43,1,-1,-1,-1
102,209,278.80,26.07,62.16,57.01,1,-1,-1,-1
102,208,278.79,211.62,46.35,41.96,1,-1,-1,-1
102,205,264.74,314.19,46.33,22.16,1,-1,-1,-1
102,204,298.58,127.06,43.37,36.64,1,-1,-1,-1
103,210,354.31,40.16,48.09,47.14,1,-1,-1,-1
103,209,278.89,27.76,61.71,56.43,1,-1,-1,-1
103,208,277.73,211.28,47.49,43.07,1,-1,-1,-1
103,205,262.10,314.50,44.59,21.64,1,-1,-1,-1
103,204,298.13,127.87,44.20,37.01,1,-1,-1,-1
104,210,356.09,42.79,46.27,46.62,1,-1,-1,-1
104,209,279.10,29.58,61.13,56.27,1,-1,-1,-1
104,208,277.92,211.81,47.81,43.34,1,-1,-1,-1
104,205,260.73,316.67,42.59,20.08,1,-1,-1,-1
104,204,298.51,128.78,44.26,36.92,1,-1,-1,-1
105,210,357.06,44.75,44.80,46.19,1,-1,-1,-1
105,209,279.57,31.70,60.24,55.94,1,-1,-1,-1
105,208,277.36,211.65,47.21,42.71,1,-1,-1,-1
105,204,299.05,130.89,44.13,36.83,1,-1,-1,-1
106,210,357.68,45.71,43.66,45.79,1,-1,-1,-1
106,209,280.12,33.42,57.86,55.55,1,-1,-1,-1
106,208,275.92,212.45,45.57,40.81,1,-1,-1,-1
106,204,299.16,132.97,43.72,36.54,1,-1,-1,-1
107,210,358.88,46.61,42.43,44.82,1,-1,-1,-1
107,209,280.42,34.93,56.06,55.06,1,-1,-1,-1
107,208,277.16,214.07,43.85,40.30,1,-1,-1,-1
107,204,298.47,135.02,44.14,36.83,1,-1,-1,-1
108,210,358.80,50.58,41.63,44.82,1,-1,-1,-1
108,209,280.81,36.66,54.83,55.09,1,-1,-1,-1
108,208,277.07,215.21,43.08,39.30,1,-1,-1,-1
108,204,298.40,136.72,44.33,37.01,1,-1,-1,-1
109,210,358.79,52.43,41.15,44.82,1,-1,-1,-1
109,209,281.03,38.64,55.63,55.42,1,-1,-1,-1
109,204,298.27,138.06,44.00,36.80,1,-1,-1,-1
110,212,293.27,236.45,37.04,35.47,1,-1,-1,-1
110,210,359.21,53.38,40.95,44.86,1,-1,-1,-1
110,209,280.93,40.17,56.71,56.07,1,-1,-1,-1
110,204,298.55,140.01,44.25,36.95,1,-1,-1,-1
111,212,286.52,231.48,40.68,38.48,1,-1,-1,-1
111,210,359.51,55.47,40.67,44.63,1,-1,-1,-1
111,209,280.91,40.76,57.50,56.48,1,-1,-1,-1
111,204,298.36,141.35,44.09,36.74,1,-1,-1,-1
112,212,284.19,230.39,42.51,39.83,1,-1,-1,-1
112,210,359.81,56.98,40.42,44.40,1,-1,-1,-1
112,209,281.21,42.03,58.23,56.71,1,-1,-1,-1
112,204,297.76,142.46,44.53,36.81,1,-1,-1,-1
113,212,287.02,234.33,42.78,40.47,1,-1,-1,-1
113,210,360.32,58.33,39.79,43.80,1,-1,-1,-1
113,209,281.48,43.51,58.60,56.56,1,-1,-1,-1
113,204,298.77,143.19,44.90,37.09,1,-1,-1,-1
114,212,289.56,238.11,42.13,39.69,1,-1,-1,-1
114,210,361.06,59.77,39.40,43.23,1,-1,-1,-1
114,209,280.42,44.41,58.60,56.27,1,-1,-1,-1
114,204,298.98,144.61,44.95,36.89,1,-1,-1,-1
115,212,289.82,239.71,42.01,39.79,1,-1,-1,-1
115,210,361.38,60.99,38.59,42.52,1,-1,-1,-1
115,209,279.83,45.29,58.71,56.01,1,-1,-1,-1
115,204,299.73,145.48,45.81,37.87,1,-1,-1,-1
116,212,289.04,240.09,42.43,40.04,1,-1,-1,-1
116,210,361.43,64.78,38.46,42.71,1,-1,-1,-1
116,209,279.64,46.66,58.99,55.91,1,-1,-1,-1
116,204,300.27,147.27,47.48,39.40,1,-1,-1,-1
117,212,290.90,242.65,42.41,40.51,1,-1,-1,-1
117,210,361.15,67.18,38.75,43.16,1,-1,-1,-1
117,209,279.15,47.63,59.58,56.36,1,-1,-1,-1
117,204,298.23,147.36,47.72,39.69,1,-1,-1,-1
118,212,291.30,244.13,42.45,40.81,1,-1,-1,-1
118,210,361.05,68.91,39.31,43.69,1,-1,-1,-1
118,209,278.73,47.87,60.28,57.08,1,-1,-1,-1
118,204,298.05,148.49,48.35,40.21,1,-1,-1,-1
119,212,290.43,244.14,42.86,41.53,1,-1,-1,-1
119,210,361.12,69.77,39.64,43.95,1,-1,-1,-1
119,209,279.00,48.69,60.71,57.37,1,-1,-1,-1
119,204,298.79,148.24,47.60,39.86,1,-1,-1,-1
120,212,290.11,244.36,43.12,42.17,1,-1,-1,-1
120,210,361.28,70.69,39.30,43.56,1,-1,-1,-1
120,209,279.07,49.69,61.00,57.35,1,-1,-1,-1
120,204,299.64,148.96,47.31,39.38,1,-1,-1,-1
121,212,287.22,241.84,43.43,42.60,1,-1,-1,-1
121,210,361.53,71.71,39.39,43.24,1,-1,-1,-1
121,209,279.01,51.33,60.71,56.93,1,-1,-1,-1
121,204,299.33,149.30,48.97,40.33,1,-1,-1,-1
122,212,288.30,243.48,43.74,43.12,1,-1,-1,-1
122,210,361.52,72.70,38.73,42.61,1,-1,-1,-1
122,209,279.49,52.82,60.08,56.20,1,-1,-1,-1
122,204,297.93,149.09,50.53,41.28,1,-1,-1,-1
123,212,288.61,245.17,44.12,43.51,1,-1,-1,-1
123,210,360.96,75.82,38.99,43.02,1,-1,-1,-1
123,209,280.10,54.14,59.45,55.63,1,-1,-1,-1
123,204,298.62,149.72,51.77,42.06,1,-1,-1,-1
124,212,287.89,246.10,44.41,43.77,1,-1,-1,-1
124,210,360.88,77.25,38.66,42.81,1,-1,-1,-1
124,209,280.88,55.95,56.97,55.01,1,-1,-1,-1
124,204,298.45,151.43,50.98,41.29,1,-1,-1,-1
125,212,287.71,247.33,44.23,43.76,1,-1,-1,-1
125,210,360.91,79.32,38.43,42.56,1,-1,-1,-1
125,209,281.14,57.88,55.02,54.43,1,-1,-1,-1
125,204,299.16,153.07,50.34,40.82,1,-1,-1,-1
126,212,286.12,247.06,44.19,43.63,1,-1,-1,-1
126,210,360.71,80.49,38.51,42.45,1,-1,-1,-1
126,209,282.89,59.74,54.61,53.89,1,-1,-1,-1
126,204,298.36,154.89,49.85,40.56,1,-1,-1,-1
127,212,285.33,248.31,43.83,42.86,1,-1,-1,-1
127,210,360.06,81.81,38.82,42.58,1,-1,-1,-1
127,209,282.89,61.12,54.24,53.53,1,-1,-1,-1
127,204,297.69,156.64,48.97,40.05,1,-1,-1,-1
128,212,284.92,248.88,43.56,42.46,1,-1,-1,-1
128,210,359.69,83.05,38.14,41.89,1,-1,-1,-1
128,209,281.38,62.84,54.99,53.10,1,-1,-1,-1
128,204,296.14,158.45,48.19,39.68,1,-1,-1,-1
129,212,284.85,249.81,43.04,42.15,1,-1,-1,-1
129,210,357.23,86.71,40.11,42.72,1,-1,-1,-1
129,209,280.38,64.22,55.52,52.92,1,-1,-1,-1
129,204,295.48,159.73,47.22,39.16,1,-1,-1,-1
130,212,283.86,250.17,43.20,41.94,1,-1,-1,-1
130,210,355.48,88.11,41.43,43.11,1,-1,-1,-1
130,209,280.16,65.47,55.67,52.50,1,-1,-1,-1
130,204,296.00,160.27,45.97,37.94,1,-1,-1,-1
131,212,283.26,252.19,43.07,40.94,1,-1,-1,-1
131,210,354.05,90.21,42.82,43.80,1,-1,-1,-1
131,209,279.36,66.35,55.98,52.40,1,-1,-1,-1
131,204,296.17,161.32,44.51,37.02,1,-1,-1,-1
132,212,283.13,253.01,43.19,40.58,1,-1,-1,-1
132,210,352.49,91.91,44.59,45.06,1,-1,-1,-1
132,209,278.75,67.22,56.42,52.45,1,-1,-1,-1
132,204,296.54,161.92,43.56,36.42,1,-1,-1,-1
133,212,282.18,253.69,43.12,40.19,1,-1,-1,-1
133,210,351.50,92.90,46.74,46.80,1,-1,-1,-1
133,209,277.16,69.01,57.23,52.93,1,-1,-1,-1
133,204,296.24,163.14,42.80,35.70,1,-1,-1,-1
134,212,282.26,255.17,42.78,39.70,1,-1,-1,-1
134,210,350.89,93.53,48.05,47.68,1,-1,-1,-1
134,209,276.29,69.75,57.86,53.52,1,-1,-1,-1
134,204,295.72,163.97,42.59,35.25,1,-1,-1,-1
135,212,281.70,256.36,42.70,39.52,1,-1,-1,-1
135,210,349.68,93.98,48.59,47.91,1,-1,-1,-1
135,209,275.49,70.19,58.31,54.04,1,-1,-1,-1
135,204,295.18,164.99,42.14,34.69,1,-1,-1,-1
136,212,281.28,257.95,42.30,39.02,1,-1,-1,-1
136,210,349.14,97.03,48.72,48.49,1,-1,-1,-1
136,209,274.58,70.63,58.61,54.51,1,-1,-1,-1
136,204,294.43,165.90,41.48,34.25,1,-1,-1,-1
137,212,280.77,259.59,42.38,38.81,1,-1,-1,-1
137,210,348.50,98.73,48.23,48.27,1,-1,-1,-1
137,209,273.70,69.73,58.66,54.46,1,-1,-1,-1
137,204,296.35,167.57,39.20,33.41,1,-1,-1,-1
138,212,280.38,259.78,42.85,39.11,1,-1,-1,-1
138,210,348.11,100.57,47.48,47.64,1,-1,-1,-1
138,209,273.50,69.97,58.67,54.28,1,-1,-1,-1
138,204,299.41,168.77,36.90,32.02,1,-1,-1,-1
139,212,279.37,260.98,43.35,39.40,1,-1,-1,-1
139,210,347.80,102.08,46.56,46.75,1,-1,-1,-1
139,209,272.61,70.30,59.26,54.61,1,-1,-1,-1
139,204,301.06,171.43,35.37,30.67,1,-1,-1,-1
140,212,277.43,261.08,44.08,39.85,1,-1,-1,-1
140,210,347.54,103.80,45.86,45.96,1,-1,-1,-1
140,209,272.06,71.28,59.80,54.74,1,-1,-1,-1
141,213,301.24,0.52,34.45,23.74,1,-1,-1,-1
141,212,277.38,263.55,44.33,39.77,1,-1,-1,-1
141,210,346.80,105.82,45.01,44.76,1,-1,-1,-1
141,209,271.40,72.07,60.67,55.18,1,-1,-1,-1
142,213,300.63,0.57,35.56,25.01,1,-1,-1,-1
142,212,276.73,264.60,44.39,39.65,1,-1,-1,-1
142,210,346.77,106.55,44.47,44.00,1,-1,-1,-1
142,209,270.58,72.83,61.38,55.45,1,-1,-1,-1
143,213,301.84,1.30,33.46,25.55,1,-1,-1,-1
143,212,275.94,265.00,44.71,39.77,1,-1,-1,-1
143,210,346.42,108.00,43.77,42.97,1,-1,-1,-1
143,209,269.70,73.69,62.34,56.00,1,-1,-1,-1
144,212,275.16,265.44,44.79,39.73,1,-1,-1,-1
144,210,346.42,108.69,42.96,41.92,1,-1,-1,-1
144,209,268.85,74.25,62.81,56.25,1,-1,-1,-1
145,212,274.06,265.25,45.11,40.10,1,-1,-1,-1
145,210,346.45,109.76,42.33,41.02,1,-1,-1,-1
145,209,268.54,74.85,62.80,55.97,1,-1,-1,-1
146,212,273.14,265.09,44.95,40.13,1,-1,-1,-1
146,210,347.71,108.54,39.82,39.83,1,-1,-1,-1
146,209,267.95,75.73,62.39,55.45,1,-1,-1,-1
147,212,274.11,267.79,44.17,39.89,1,-1,-1,-1
147,210,348.33,109.21,38.28,39.07,1,-1,-1,-1
147,209,267.45,77.13,61.60,54.82,1,-1,-1,-1
148,212,274.44,269.50,43.61,39.67,1,-1,-1,-1
148,210,346.49,114.44,39.49,39.84,1,-1,-1,-1
148,209,266.59,79.60,60.22,54.50,1,-1,-1,-1
149,212,274.20,270.79,43.74,39.99,1,-1,-1,-1
149,210,346.56,114.89,39.08,40.09,1,-1,-1,-1
149,209,266.62,80.99,59.47,54.10,1,-1,-1,-1
150,212,274.33,273.31,43.33,39.84,1,-1,-1,-1
150,210,346.73,115.93,38.19,39.71,1,-1,-1,-1
150,209,267.09,82.38,58.27,53.54,1,-1,-1,-1
151,212,273.66,275.16,43.32,39.94,1,-1,-1,-1
151,210,346.54,117.38,37.95,39.74,1,-1,-1,-1
151,209,266.45,84.15,57.99,54.08,1,-1,-1,-1
152,212,273.08,275.86,43.25,39.97,1,-1,-1,-1
152,210,344.33,126.26,39.46,41.11,1,-1,-1,-1
152,209,265.86,86.30,57.62,54.46,1,-1,-1,-1
153,212,272.27,276.77,42.93,39.67,1,-1,-1,-1
153,210,342.99,129.60,40.50,42.05,1,-1,-1,-1
153,209,266.01,87.54,57.25,54.47,1,-1,-1,-1
154,212,271.97,277.83,42.60,39.33,1,-1,-1,-1
154,210,342.05,131.95,41.35,42.85,1,-1,-1,-1
154,209,265.66,89.15,57.73,55.23,1,-1,-1,-1
155,212,271.53,279.02,42.29,39.13,1,-1,-1,-1
155,210,341.06,133.51,42.40,43.79,1,-1,-1,-1
155,209,265.81,90.59,58.03,55.55,1,-1,-1,-1
156,212,271.94,280.38,41.69,38.61,1,-1,-1,-1
156,210,340.41,134.91,43.54,44.67,1,-1,-1,-1
156,209,264.91,91.50,58.66,56.18,1,-1,-1,-1
157,212,272.43,282.93,40.99,38.85,1,-1,-1,-1
157,210,339.64,137.22,44.29,44.92,1,-1,-1,-1
157,209,264.56,92.85,59.06,56.36,1,-1,-1,-1
158,212,272.57,284.21,40.32,38.86,1,-1,-1,-1
158,210,338.83,138.70,45.03,45.26,1,-1,-1,-1
158,209,264.32,91.88,59.07,56.43,1,-1,-1,-1
159,212,271.85,285.31,40.20,39.06,1,-1,-1,-1
159,210,337.54,139.34,46.38,46.28,1,-1,-1,-1
159,209,263.92,92.44,59.47,56.92,1,-1,-1,-1
160,212,271.13,286.16,40.27,39.34,1,-1,-1,-1
160,210,336.20,139.54,46.87,47.98,1,-1,-1,-1
160,209,263.52,93.26,59.61,57.04,1,-1,-1,-1
161,212,270.64,287.01,40.40,39.52,1,-1,-1,-1
161,210,335.22,139.94,47.01,49.07,1,-1,-1,-1
161,209,263.61,94.50,59.62,57.03,1,-1,-1,-1
162,212,269.89,287.06,40.53,39.99,1,-1,-1,-1
162,210,334.51,140.15,47.38,49.81,1,-1,-1,-1
162,209,263.74,95.77,59.78,57.65,1,-1,-1,-1
163,214,272.45,-0.69,56.40,45.52,1,-1,-1,-1
163,212,269.30,287.91,40.80,40.24,1,-1,-1,-1
163,210,334.21,140.68,47.79,50.40,1,-1,-1,-1
163,209,263.58,96.66,59.81,58.12,1,-1,-1,-1
164,214,271.92,-0.64,57.34,46.74,1,-1,-1,-1
164,212,270.27,290.86,40.71,40.58,1,-1,-1,-1
164,210,334.36,141.41,47.54,50.11,1,-1,-1,-1
164,209,263.31,97.97,60.23,59.12,1,-1,-1,-1
165,214,272.27,-0.38,56.78,47.93,1,-1,-1,-1
165,212,270.53,292.15,40.52,40.68,1,-1,-1,-1
165,210,334.27,141.86,47.79,50.21,1,-1,-1,-1
165,209,263.34,99.18,60.53,59.75,1,-1,-1,-1
166,214,273.17,0.18,56.46,49.43,1,-1,-1,-1
166,212,271.97,295.17,39.28,39.47,1,-1,-1,-1
166,210,334.82,141.85,47.00,49.06,1,-1,-1,-1
166,209,263.52,100.52,60.38,59.89,1,-1,-1,-1
167,214,273.27,0.42,56.54,50.62,1,-1,-1,-1
167,212,272.72,296.17,37.81,39.38,1,-1,-1,-1
167,210,331.53,145.16,50.85,50.10,1,-1,-1,-1
167,209,263.71,100.99,59.91,59.62,1,-1,-1,-1
168,214,273.95,1.97,55.91,50.76,1,-1,-1,-1
168,212,273.35,297.27,36.60,38.90,1,-1,-1,-1
168,210,333.77,144.26,49.18,48.92,1,-1,-1,-1
168,209,263.74,102.12,59.45,59.46,1,-1,-1,-1
169,214,273.35,2.86,55.05,50.26,1,-1,-1,-1
169,212,273.09,299.97,37.56,37.08,1,-1,-1,-1
169,210,334.11,145.30,48.38,48.34,1,-1,-1,-1
169,209,263.83,102.98,59.16,59.22,1,-1,-1,-1
170,214,272.84,7.84,52.21,47.44,1,-1,-1,-1
170,212,272.79,301.45,38.50,35.69,1,-1,-1,-1
170,210,335.23,146.58,46.48,46.66,1,-1,-1,-1
170,209,264.30,104.02,58.90,58.89,1,-1,-1,-1
171,214,273.30,12.98,50.70,45.77,1,-1,-1,-1
171,212,271.89,303.65,38.98,33.80,1,-1,-1,-1
171,210,336.27,148.21,44.69,44.84,1,-1,-1,-1
171,209,264.60,106.39,58.53,58.30,1,-1,-1,-1
172,214,273.00,16.42,49.10,44.01,1,-1,-1,-1
172,212,271.19,306.29,39.47,31.47,1,-1,-1,-1
172,210,337.32,149.75,42.81,42.51,1,-1,-1,-1
172,209,265.31,108.26,57.97,57.61,1,-1,-1,-1
173,214,283.27,28.67,43.79,39.88,1,-1,-1,-1
173,212,270.24,307.69,40.26,29.80,1,-1,-1,-1
173,210,338.75,150.93,40.12,39.59,1,-1,-1,-1
173,209,265.15,109.87,57.74,57.44,1,-1,-1,-1
174,214,287.60,35.32,39.24,36.22,1,-1,-1,-1
174,212,270.06,307.78,40.31,29.10,1,-1,-1,-1
174,210,339.62,152.79,38.23,37.63,1,-1,-1,-1
174,209,264.08,111.96,57.96,57.57,1,-1,-1,-1
175,214,289.39,39.48,35.70,33.39,1,-1,-1,-1
175,212,270.24,308.60,40.49,28.15,1,-1,-1,-1
175,210,340.38,154.41,36.56,35.79,1,-1,-1,-1
175,209,264.43,113.46,58.05,57.25,1,-1,-1,-1
176,214,290.00,42.64,33.59,31.08,1,-1,-1,-1
176,212,269.89,308.93,40.70,27.55,1,-1,-1,-1
176,210,341.35,156.52,34.96,34.15,1,-1,-1,-1
176,209,264.98,114.77,57.74,56.43,1,-1,-1,-1
177,212,269.38,308.00,40.11,27.78,1,-1,-1,-1
177,209,264.96,115.07,57.80,56.35,1,-1,-1,-1
178,212,269.68,308.82,39.06,27.23,1,-1,-1,-1
178,209,264.47,116.41,58.07,56.34,1,-1,-1,-1
179,212,268.77,308.75,38.69,27.08,1,-1,-1,-1
179,209,263.38,116.21,58.57,56.54,1,-1,-1,-1
180,212,266.44,308.95,37.83,26.84,1,-1,-1,-1
180,209,263.16,116.84,58.94,56.68,1,-1,-1,-1
181,212,267.50,310.40,37.60,25.83,1,-1,-1,-1
181,209,262.85,118.15,59.44,57.08,1,-1,-1,-1
182,212,266.33,310.66,37.36,25.39,1,-1,-1,-1
182,209,262.76,119.57,60.21,57.58,1,-1,-1,-1
183,212,265.27,311.36,36.77,24.74,1,-1,-1,-1
183,209,262.96,120.27,60.61,58.15,1,-1,-1,-1
184,212,264.33,311.41,36.63,24.45,1,-1,-1,-1
184,209,262.24,121.49,60.57,58.00,1,-1,-1,-1
185,212,264.41,313.08,35.57,23.28,1,-1,-1,-1
185,209,262.37,122.67,60.19,57.67,1,-1,-1,-1
186,212,264.20,313.21,34.92,22.83,1,-1,-1,-1
186,209,261.84,122.52,60.05,57.66,1,-1,-1,-1
187,212,263.89,313.90,34.33,22.15,1,-1,-1,-1
187,209,261.58,123.68,59.85,57.38,1,-1,-1,-1
188,212,263.52,314.82,33.75,21.32,1,-1,-1,-1
188,209,261.78,124.78,59.02,56.57,1,-1,-1,-1
189,212,263.69,315.64,33.45,20.50,1,-1,-1,-1
189,209,262.31,125.90,58.25,55.99,1,-1,-1,-1
190,212,263.49,316.82,33.53,19.44,1,-1,-1,-1
190,209,262.70,126.68,57.54,55.39,1,-1,-1,-1
191,212,258.41,320.09,37.11,16.59,1,-1,-1,-1
191,209,261.88,127.92,57.02,55.14,1,-1,-1,-1
192,212,256.46,321.03,39.36,15.40,1,-1,-1,-1
192,209,261.97,129.09,56.23,54.53,1,-1,-1,-1
193,209,260.00,130.69,56.24,54.39,1,-1,-1,-1
194,209,259.74,132.61,56.75,54.60,1,-1,-1,-1
195,209,258.16,133.38,57.94,55.57,1,-1,-1,-1
196,209,257.05,133.72,58.94,56.22,1,-1,-1,-1
197,209,257.17,135.05,58.85,55.84,1,-1,-1,-1
198,209,257.65,136.80,58.47,55.22,1,-1,-1,-1
199,209,258.15,137.91,58.38,54.93,1,-1,-1,-1
200,209,256.43,140.22,57.73,53.91,1,-1,-1,-1
201,209,256.08,141.47,57.90,53.74,1,-1,-1,-1
202,209,255.41,143.29,58.03,53.79,1,-1,-1,-1
203,209,254.96,144.98,57.61,53.32,1,-1,-1,-1
204,209,253.94,145.83,57.42,52.98,1,-1,-1,-1
205,209,253.81,147.28,57.21,52.60,1,-1,-1,-1
206,209,254.01,149.26,56.80,52.11,1,-1,-1,-1
207,209,253.94,151.29,57.04,52.35,1,-1,-1,-1
208,209,255.27,153.55,56.92,52.13,1,-1,-1,-1
209,209,255.82,155.18,56.88,52.04,1,-1,-1,-1
210,209,255.09,157.01,56.33,51.37,1,-1,-1,-1
211,209,255.65,158.90,56.42,51.41,1,-1,-1,-1
212,209,255.76,160.80,56.66,51.66,1,-1,-1,-1
213,209,255.11,162.64,57.61,51.99,1,-1,-1,-1
214,209,254.32,163.95,58.02,52.00,1,-1,-1,-1
215,209,256.83,163.21,57.49,51.93,1,-1,-1,-1
216,209,257.59,163.25,57.51,52.28,1,-1,-1,-1
217,209,254.82,165.67,57.22,51.53,1,-1,-1,-1
218,209,254.37,166.79,57.30,51.47,1,-1,-1,-1
219,209,253.98,167.62,57.12,51.02,1,-1,-1,-1
220,209,253.54,167.84,57.43,51.05,1,-1,-1,-1
221,215,384.76,0.42,25.33,18.07,1,-1,-1,-1
221,209,253.17,167.90,57.53,50.86,1,-1,-1,-1
222,215,384.25,0.35,25.33,18.21,1,-1,-1,-1
222,209,253.48,168.49,57.67,50.96,1,-1,-1,-1
223,215,377.82,0.16,28.28,19.27,1,-1,-1,-1
223,209,253.12,168.77,58.48,51.36,1,-1,-1,-1
224,215,374.93,0.22,30.55,20.37,1,-1,-1,-1
224,209,252.74,168.89,59.10,51.47,1,-1,-1,-1
225,215,373.11,0.21,32.22,21.23,1,-1,-1,-1
225,209,251.96,169.17,59.70,51.26,1,-1,-1,-1
226,215,372.13,0.17,32.61,21.66,1,-1,-1,-1
226,209,251.45,169.23,60.25,51.42,1,-1,-1,-1
227,215,371.03,0.38,35.28,23.11,1,-1,-1,-1
227,209,250.84,169.55,60.44,51.59,1,-1,-1,-1
228,215,369.84,0.31,37.01,24.05,1,-1,-1,-1
228,209,250.70,170.25,60.44,51.54,1,-1,-1,-1
229,215,369.53,-0.17,36.23,23.81,1,-1,-1,-1
229,209,250.82,171.59,59.76,50.85,1,-1,-1,-1
230,215,368.64,0.01,37.53,24.45,1,-1,-1,-1
230,209,251.47,173.12,58.99,49.95,1,-1,-1,-1
231,215,368.14,-0.20,36.60,24.34,1,-1,-1,-1
231,209,251.64,175.21,58.38,49.36,1,-1,-1,-1
232,215,367.81,0.06,36.86,24.87,1,-1,-1,-1
232,209,252.88,176.50,57.24,49.85,1,-1,-1,-1
233,215,367.89,0.15,36.64,25.31,1,-1,-1,-1
233,209,254.35,176.69,56.34,50.10,1,-1,-1,-1
234,215,367.81,0.28,36.42,25.88,1,-1,-1,-1
234,209,255.24,178.18,55.98,50.80,1,-1,-1,-1
235,215,367.51,0.30,36.16,26.39,1,-1,-1,-1
235,209,254.54,179.92,56.03,51.08,1,-1,-1,-1
236,215,365.76,0.24,36.57,26.89,1,-1,-1,-1
236,209,256.31,180.93,56.00,51.63,1,-1,-1,-1
237,215,362.74,0.30,37.31,27.56,1,-1,-1,-1
237,209,253.92,183.47,57.25,51.82,1,-1,-1,-1
238,215,361.07,0.39,37.89,28.32,1,-1,-1,-1
238,209,252.24,185.62,57.76,51.19,1,-1,-1,-1
239,215,360.02,0.24,38.31,28.77,1,-1,-1,-1
239,209,250.37,187.16,58.23,50.63,1,-1,-1,-1
240,215,359.07,0.28,38.84,29.39,1,-1,-1,-1
240,209,248.38,189.11,58.66,50.31,1,-1,-1,-1
241,215,358.70,0.18,38.48,29.75,1,-1,-1,-1
241,209,248.10,190.45,58.69,49.88,1,-1,-1,-1
242,215,359.04,0.61,38.05,30.71,1,-1,-1,-1
242,209,245.11,190.39,57.93,48.94,1,-1,-1,-1
243,215,358.72,0.65,37.80,31.53,1,-1,-1,-1
243,209,244.19,190.65,57.67,48.65,1,-1,-1,-1
244,215,357.76,0.96,38.44,32.89,1,-1,-1,-1
244,209,244.75,191.14,57.93,48.86,1,-1,-1,-1
245,215,356.97,0.90,38.92,33.99,1,-1,-1,-1
245,209,245.06,191.86,58.23,49.32,1,-1,-1,-1
246,215,355.72,0.54,39.37,34.60,1,-1,-1,-1
246,209,245.07,193.45,57.70,49.19,1,-1,-1,-1
247,215,354.46,0.36,39.56,35.12,1,-1,-1,-1
247,209,246.41,193.82,58.03,49.52,1,-1,-1,-1
248,215,350.99,-0.29,40.94,34.74,1,-1,-1,-1
248,209,246.49,194.92,57.68,49.18,1,-1,-1,-1
249,215,348.71,-0.39,41.88,34.63,1,-1,-1,-1
249,209,246.35,195.76,57.42,48.72,1,-1,-1,-1
250,215,347.62,-0.42,42.44,34.52,1,-1,-1,-1
250,209,246.51,196.44,56.83,48.27,1,-1,-1,-1
251,215,346.72,-0.27,42.99,34.68,1,-1,-1,-1
251,209,244.13,198.41,55.95,47.91,1,-1,-1,-1
252,215,345.73,-0.13,43.42,34.96,1,-1,-1,-1
252,209,244.31,200.33,54.89,47.19,1,-1,-1,-1
253,215,344.75,-0.16,43.75,35.10,1,-1,-1,-1
253,209,243.80,202.14,54.32,47.03,1,-1,-1,-1
254,215,344.68,0.40,42.46,35.89,1,-1,-1,-1
254,209,243.77,204.42,53.51,46.59,1,-1,-1,-1
255,215,343.66,0.76,42.26,36.97,1,-1,-1,-1
255,209,242.91,206.18,53.22,46.65,1,-1,-1,-1
256,215,343.43,1.12,41.59,37.78,1,-1,-1,-1
256,209,242.02,207.45,52.56,46.45,1,-1,-1,-1
257,215,343.25,2.49,40.77,38.14,1,-1,-1,-1
257,209,242.91,209.59,52.43,46.56,1,-1,-1,-1
258,215,343.07,4.38,40.75,38.89,1,-1,-1,-1
258,209,242.58,210.83,52.82,47.14,1,-1,-1,-1
259,215,343.29,5.87,40.60,39.11,1,-1,-1,-1
259,209,241.95,212.89,53.30,47.58,1,-1,-1,-1
260,215,342.42,6.18,41.35,40.17,1,-1,-1,-1
260,209,242.07,213.01,54.57,48.61,1,-1,-1,-1
261,215,341.31,6.58,42.20,41.22,1,-1,-1,-1
261,209,242.07,214.12,54.76,48.60,1,-1,-1,-1
262,215,339.49,6.08,42.91,41.96,1,-1,-1,-1
262,209,240.04,215.48,53.27,47.81,1,-1,-1,-1
263,215,337.57,6.10,43.23,42.17,1,-1,-1,-1
263,209,239.35,217.86,51.68,46.58,1,-1,-1,-1
264,215,337.37,8.00,42.62,41.55,1,-1,-1,-1
264,209,239.70,217.98,52.19,46.57,1,-1,-1,-1
265,215,336.38,9.61,43.11,41.80,1,-1,-1,-1
265,209,240.01,219.05,52.23,46.34,1,-1,-1,-1
266,215,336.38,12.05,42.78,41.25,1,-1,-1,-1
266,209,238.57,222.23,50.96,44.84,1,-1,-1,-1
267,215,333.84,10.28,43.22,41.06,1,-1,-1,-1
267,209,239.43,223.15,50.60,44.61,1,-1,-1,-1
268,215,332.51,10.88,43.40,40.74,1,-1,-1,-1
268,209,240.18,224.22,50.30,44.33,1,-1,-1,-1
269,215,331.31,10.94,43.88,40.86,1,-1,-1,-1
269,209,241.54,227.11,48.91,43.15,1,-1,-1,-1
270,215,330.24,11.78,44.28,40.99,1,-1,-1,-1
271,215,329.87,13.34,44.06,40.72,1,-1,-1,-1
272,215,329.08,15.74,43.63,40.31,1,-1,-1,-1
273,215,332.51,21.42,41.49,38.22,1,-1,-1,-1
274,215,333.97,24.27,39.61,36.59,1,-1,-1,-1
275,215,333.13,25.58,39.25,36.23,1,-1,-1,-1
275,209,237.62,236.08,48.70,41.75,1,-1,-1,-1
276,215,328.70,24.05,40.73,37.50,1,-1,-1,-1
276,209,237.67,237.36,49.10,41.37,1,-1,-1,-1
277,215,326.17,23.31,41.76,38.33,1,-1,-1,-1
277,209,239.07,238.95,48.63,41.10,1,-1,-1,-1
278,215,325.14,23.87,42.73,39.08,1,-1,-1,-1
278,209,238.78,240.39,49.14,41.40,1,-1,-1,-1
279,215,323.53,23.80,43.52,39.75,1,-1,-1,-1
279,209,237.07,241.43,49.46,41.61,1,-1,-1,-1
280,216,221.05,0.60,45.60,25.05,1,-1,-1,-1
280,215,322.41,23.76,44.40,40.57,1,-1,-1,-1
280,209,236.26,242.29,49.41,41.81,1,-1,-1,-1
281,216,220.80,0.71,45.61,26.12,1,-1,-1,-1
281,215,322.46,24.79,44.68,40.89,1,-1,-1,-1
281,209,237.97,243.34,50.50,43.05,1,-1,-1,-1
282,216,221.16,1.04,46.58,27.96,1,-1,-1,-1
282,215,325.57,27.85,43.17,40.31,1,-1,-1,-1
282,209,238.37,243.60,51.52,43.90,1,-1,-1,-1
283,216,220.60,1.28,47.68,30.02,1,-1,-1,-1
283,215,328.01,30.03,40.77,39.09,1,-1,-1,-1
283,209,238.17,243.98,52.07,44.40,1,-1,-1,-1
284,216,220.12,1.14,48.03,31.55,1,-1,-1,-1
284,215,323.86,27.89,42.09,39.94,1,-1,-1,-1
284,209,237.65,244.65,52.45,44.75,1,-1,-1,-1
285,216,219.68,1.00,48.13,32.88,1,-1,-1,-1
285,215,321.04,27.05,43.72,41.32,1,-1,-1,-1
285,209,236.42,244.73,53.09,45.80,1,-1,-1,-1
286,216,220.25,0.72,47.72,33.74,1,-1,-1,-1
286,215,318.75,26.49,45.28,42.80,1,-1,-1,-1
286,209,237.03,246.12,52.55,45.28,1,-1,-1,-1
287,216,218.83,0.13,46.17,33.65,1,-1,-1,-1
287,215,318.60,26.30,45.58,42.90,1,-1,-1,-1
287,209,235.84,246.82,52.16,45.07,1,-1,-1,-1
288,216,218.55,0.45,45.73,34.54,1,-1,-1,-1
288,215,318.44,27.66,45.37,42.86,1,-1,-1,-1
288,209,235.12,248.24,51.54,44.72,1,-1,-1,-1
289,216,218.86,0.62,45.28,35.47,1,-1,-1,-1
289,215,318.59,29.04,44.97,42.44,1,-1,-1,-1
289,209,235.15,249.70,50.59,44.13,1,-1,-1,-1
290,216,218.24,1.78,45.36,36.77,1,-1,-1,-1
290,215,319.85,30.91,43.63,41.51,1,-1,-1,-1
290,209,237.04,250.88,50.51,44.08,1,-1,-1,-1
291,216,217.69,2.60,45.02,37.51,1,-1,-1,-1
291,215,320.64,32.50,42.50,40.77,1,-1,-1,-1
291,209,239.60,252.22,49.69,43.42,1,-1,-1,-1
292,216,217.94,3.15,45.23,38.59,1,-1,-1,-1
292,215,321.24,33.80,41.31,40.03,1,-1,-1,-1
292,209,241.10,253.51,48.93,42.78,1,-1,-1,-1
293,216,218.32,4.04,44.90,39.03,1,-1,-1,-1
293,215,319.38,33.08,42.28,40.80,1,-1,-1,-1
293,209,240.67,254.60,48.72,42.56,1,-1,-1,-1
294,216,216.84,5.72,45.38,38.91,1,-1,-1,-1
294,215,319.92,35.18,41.45,40.19,1,-1,-1,-1
294,209,240.32,255.82,48.55,42.39,1,-1,-1,-1
295,216,216.12,7.11,45.57,38.60,1,-1,-1,-1
295,215,319.78,36.43,40.84,39.70,1,-1,-1,-1
295,209,241.33,257.69,47.94,41.82,1,-1,-1,-1
296,216,216.24,8.09,45.27,38.02,1,-1,-1,-1
296,215,318.22,35.78,41.67,40.27,1,-1,-1,-1
296,209,241.17,259.54,46.84,40.26,1,-1,-1,-1
297,216,215.97,9.20,45.91,38.16,1,-1,-1,-1
297,215,317.10,35.59,42.35,40.57,1,-1,-1,-1
297,209,240.56,261.70,45.73,39.27,1,-1,-1,-1
298,216,214.89,10.59,45.57,37.30,1,-1,-1,-1
298,215,316.05,35.32,42.92,40.85,1,-1,-1,-1
298,209,238.58,263.52,45.02,38.24,1,-1,-1,-1
299,216,214.14,12.97,45.18,36.73,1,-1,-1,-1
299,215,314.82,35.01,43.81,41.40,1,-1,-1,-1
300,216,213.81,14.37,45.76,37.02,1,-1,-1,-1
300,215,314.11,35.66,44.33,41.65,1,-1,-1,-1
301,216,213.42,15.87,46.23,37.42,1,-1,-1,-1
301,215,313.32,36.80,44.67,41.65,1,-1,-1,-1
302,216,215.76,16.29,45.52,37.49,1,-1,-1,-1
302,215,312.99,38.11,44.56,41.40,1,-1,-1,-1
303,216,213.83,17.89,46.14,37.79,1,-1,-1,-1
303,215,311.70,38.24,45.26,41.86,1,-1,-1,-1
304,216,213.11,19.18,46.05,37.58,1,-1,-1,-1
304,215,311.01,38.31,44.82,41.45,1,-1,-1,-1
305,216,213.17,20.20,45.71,37.23,1,-1,-1,-1
305,215,310.14,39.18,44.39,41.04,1,-1,-1,-1
306,216,212.70,21.11,45.59,36.91,1,-1,-1,-1
306,215,309.30,39.52,43.75,40.45,1,-1,-1,-1
307,216,213.40,21.78,44.95,36.28,1,-1,-1,-1
307,215,310.02,41.46,42.41,40.14,1,-1,-1,-1
308,216,214.16,22.38,43.96,35.85,1,-1,-1,-1
308,215,309.06,41.51,42.29,39.70,1,-1,-1,-1
309,216,213.14,23.56,44.25,36.22,1,-1,-1,-1
309,215,309.55,43.22,41.35,39.39,1,-1,-1,-1
310,216,211.66,24.49,45.00,36.91,1,-1,-1,-1
310,215,309.52,44.03,40.36,39.00,1,-1,-1,-1
311,216,210.71,25.28,45.15,36.98,1,-1,-1,-1
311,215,309.41,45.24,39.71,38.60,1,-1,-1,-1
312,216,210.50,25.88,45.50,37.19,1,-1,-1,-1
312,215,308.72,45.43,39.66,38.82,1,-1,-1,-1
313,216,210.24,26.89,45.23,37.14,1,-1,-1,-1
313,215,308.23,46.17,39.65,38.81,1,-1,-1,-1
314,216,209.41,27.88,45.33,37.44,1,-1,-1,-1
314,215,305.10,45.27,40.54,38.94,1,-1,-1,-1
315,216,208.56,28.47,45.73,37.87,1,-1,-1,-1
315,215,305.49,46.80,40.58,39.19,1,-1,-1,-1
316,216,207.80,29.04,46.12,38.27,1,-1,-1,-1
316,215,303.01,46.37,41.22,39.36,1,-1,-1,-1
317,216,207.46,30.09,46.05,38.17,1,-1,-1,-1
317,215,301.31,46.16,42.23,40.05,1,-1,-1,-1
318,216,207.01,30.96,46.49,38.20,1,-1,-1,-1
318,215,301.01,47.01,42.56,40.15,1,-1,-1,-1
319,216,205.89,31.40,46.94,39.02,1,-1,-1,-1
319,215,303.57,50.47,41.87,40.36,1,-1,-1,-1
320,216,205.38,31.71,47.13,39.59,1,-1,-1,-1
320,215,304.48,52.71,40.79,39.89,1,-1,-1,-1
321,216,205.52,33.43,46.69,39.52,1,-1,-1,-1
321,215,303.61,52.91,40.63,40.34,1,-1,-1,-1
322,216,205.96,35.11,46.09,39.35,1,-1,-1,-1
322,215,302.74,53.28,40.79,40.80,1,-1,-1,-1
323,216,206.70,36.00,45.70,39.17,1,-1,-1,-1
323,215,299.02,50.95,42.34,41.27,1,-1,-1,-1
324,216,206.66,38.16,45.69,39.28,1,-1,-1,-1
324,215,299.83,53.46,41.60,40.74,1,-1,-1,-1
325,216,207.05,40.38,45.82,39.60,1,-1,-1,-1
325,215,299.23,54.35,41.64,40.85,1,-1,-1,-1
326,218,459.14,288.68,50.32,41.68,1,-1,-1,-1
326,216,206.70,42.52,46.17,39.95,1,-1,-1,-1
326,215,300.06,56.65,40.39,39.73,1,-1,-1,-1
327,218,459.19,285.88,50.07,43.01,1,-1,-1,-1
327,216,206.63,43.17,46.02,39.94,1,-1,-1,-1
327,215,298.10,57.21,40.91,39.67,1,-1,-1,-1
328,218,458.80,283.93,50.02,44.07,1,-1,-1,-1
328,216,206.63,44.68,45.20,39.47,1,-1,-1,-1
328,215,297.72,57.96,40.83,39.72,1,-1,-1,-1
329,218,459.63,281.84,49.33,44.21,1,-1,-1,-1
329,216,207.37,46.29,44.75,38.28,1,-1,-1,-1
329,215,296.03,58.89,41.18,39.67,1,-1,-1,-1
330,218,460.08,279.27,48.90,44.30,1,-1,-1,-1
330,216,207.56,48.26,44.00,37.05,1,-1,-1,-1
330,215,297.00,61.11,40.25,38.75,1,-1,-1,-1
331,218,461.27,276.58,47.32,43.29,1,-1,-1,-1
331,216,207.13,49.85,44.18,37.06,1,-1,-1,-1
331,215,296.96,62.48,39.64,38.12,1,-1,-1,-1
332,218,462.66,273.83,45.91,42.16,1,-1,-1,-1
332,216,207.39,51.49,43.99,37.16,1,-1,-1,-1
332,215,295.40,62.55,40.09,38.20,1,-1,-1,-1
333,218,463.94,272.23,44.61,41.16,1,-1,-1,-1
333,216,207.20,52.92,44.56,37.96,1,-1,-1,-1
333,215,293.80,62.07,41.14,38.94,1,-1,-1,-1
334,218,465.58,270.95,43.57,40.31,1,-1,-1,-1
334,216,206.48,54.00,45.63,39.29,1,-1,-1,-1
334,215,293.05,62.48,42.05,39.57,1,-1,-1,-1
335,218,465.40,265.30,44.03,40.75,1,-1,-1,-1
335,216,206.67,55.12,45.56,38.88,1,-1,-1,-1
335,215,291.54,62.94,42.95,40.30,1,-1,-1,-1
336,218,465.20,262.40,44.75,41.34,1,-1,-1,-1
336,216,207.01,56.61,45.07,38.18,1,-1,-1,-1
336,215,292.40,65.34,42.96,40.50,1,-1,-1,-1
337,218,465.36,260.20,45.22,41.65,1,-1,-1,-1
337,216,208.13,58.52,43.82,37.11,1,-1,-1,-1
337,215,292.16,66.91,42.82,40.42,1,-1,-1,-1
338,218,466.14,257.56,45.04,41.61,1,-1,-1,-1
338,216,209.10,60.56,43.12,36.55,1,-1,-1,-1
338,215,291.47,68.01,42.57,40.15,1,-1,-1,-1
339,218,466.88,254.15,44.25,41.07,1,-1,-1,-1
339,216,207.13,63.03,42.84,36.60,1,-1,-1,-1
339,215,287.08,65.97,42.95,40.25,1,-1,-1,-1
340,218,467.61,250.73,43.91,40.90,1,-1,-1,-1
340,216,206.93,65.57,42.48,36.52,1,-1,-1,-1
340,215,288.63,69.29,42.53,39.88,1,-1,-1,-1
341,218,468.42,248.19,43.14,40.27,1,-1,-1,-1
341,216,207.02,66.48,42.31,36.59,1,-1,-1,-1
341,215,289.63,71.55,42.23,39.48,1,-1,-1,-1
342,218,468.47,239.88,43.56,40.71,1,-1,-1,-1
342,216,206.65,67.63,41.89,36.39,1,-1,-1,-1
342,215,289.65,72.56,41.62,38.90,1,-1,-1,-1
343,218,467.76,237.42,44.32,41.54,1,-1,-1,-1
343,216,207.59,69.04,41.21,35.99,1,-1,-1,-1
343,215,292.51,76.89,39.25,36.80,1,-1,-1,-1
344,218,466.33,235.39,45.74,42.92,1,-1,-1,-1
344,216,206.42,70.71,40.92,35.85,1,-1,-1,-1
344,215,293.26,78.55,37.68,35.47,1,-1,-1,-1
345,218,466.12,232.80,46.70,43.81,1,-1,-1,-1
345,216,207.70,69.84,39.82,34.84,1,-1,-1,-1
345,215,293.67,80.29,36.18,33.98,1,-1,-1,-1
346,218,466.01,229.11,47.62,44.89,1,-1,-1,-1
346,216,207.42,71.01,39.73,34.99,1,-1,-1,-1
346,215,289.66,79.43,37.08,35.00,1,-1,-1,-1
347,218,467.68,224.15,46.81,44.09,1,-1,-1,-1
347,216,208.88,71.89,39.15,34.78,1,-1,-1,-1
347,215,288.31,79.45,37.14,35.22,1,-1,-1,-1
348,218,467.41,220.16,47.09,44.36,1,-1,-1,-1
348,216,209.67,73.53,38.97,34.70,1,-1,-1,-1
348,215,287.56,79.97,37.39,35.43,1,-1,-1,-1
349,218,467.38,215.49,48.02,45.14,1,-1,-1,-1
349,216,209.20,74.84,39.07,35.04,1,-1,-1,-1
349,215,288.07,81.38,36.46,34.51,1,-1,-1,-1
350,218,468.18,212.80,48.36,45.45,1,-1,-1,-1
350,216,211.00,75.32,37.32,33.99,1,-1,-1,-1
350,215,288.82,82.92,35.71,33.62,1,-1,-1,-1
351,218,468.75,211.09,48.19,45.18,1,-1,-1,-1
351,216,212.56,77.35,37.40,34.16,1,-1,-1,-1
351,215,289.43,84.88,35.10,32.91,1,-1,-1,-1
352,218,469.62,208.43,47.90,44.76,1,-1,-1,-1
352,216,213.75,78.33,36.65,33.61,1,-1,-1,-1
352,215,289.93,86.24,34.63,32.37,1,-1,-1,-1
353,218,470.59,204.74,47.93,44.87,1,-1,-1,-1
353,216,212.91,79.68,36.52,33.34,1,-1,-1,-1
353,215,290.71,87.93,33.90,31.62,1,-1,-1,-1
354,218,471.41,201.68,47.73,44.81,1,-1,-1,-1
354,216,212.63,81.25,37.26,34.04,1,-1,-1,-1
354,215,290.73,88.70,33.13,31.13,1,-1,-1,-1
355,218,471.86,198.81,47.60,44.79,1,-1,-1,-1
355,216,212.14,82.66,37.67,34.43,1,-1,-1,-1
355,215,290.54,90.42,32.64,30.47,1,-1,-1,-1
356,218,471.70,196.65,47.48,44.68,1,-1,-1,-1
356,216,212.31,83.67,36.81,34.02,1,-1,-1,-1
356,215,290.36,93.13,32.50,29.74,1,-1,-1,-1
357,218,473.07,193.70,45.90,44.46,1,-1,-1,-1
357,216,212.84,84.87,36.85,33.93,1,-1,-1,-1
357,215,290.85,95.25,31.98,28.66,1,-1,-1,-1
358,218,471.88,188.90,46.23,44.15,1,-1,-1,-1
358,216,212.91,86.06,37.06,34.06,1,-1,-1,-1
358,215,290.88,96.23,31.67,27.93,1,-1,-1,-1
359,218,472.08,186.16,46.60,43.95,1,-1,-1,-1
359,216,211.84,87.21,37.17,34.02,1,-1,-1,-1
359,215,291.23,97.24,31.30,27.35,1,-1,-1,-1
360,218,472.47,184.22,46.44,43.38,1,-1,-1,-1
360,216,212.33,88.62,36.87,33.74,1,-1,-1,-1
360,215,291.23,98.14,30.84,26.75,1,-1,-1,-1
361,221,124.00,237.06,22.40,22.15,1,-1,-1,-1
361,216,213.57,88.98,36.26,33.34,1,-1,-1,-1
361,215,294.96,99.78,28.85,25.71,1,-1,-1,-1
362,216,214.08,90.27,35.64,32.72,1,-1,-1,-1
362,215,293.25,100.47,28.79,25.44,1,-1,-1,-1
363,216,214.73,91.18,35.16,32.34,1,-1,-1,-1
364,216,216.05,92.66,34.33,31.96,1,-1,-1,-1
365,216,217.39,94.18,32.88,31.03,1,-1,-1,-1
366,216,217.57,95.42,32.29,31.12,1,-1,-1,-1
367,216,217.38,95.75,31.91,31.47,1,-1,-1,-1
368,216,218.40,97.75,30.54,30.63,1,-1,-1,-1
369,218,473.26,151.66,46.73,44.69,1,-1,-1,-1
369,216,219.22,98.84,29.38,29.66,1,-1,-1,-1
370,218,472.44,149.42,46.89,44.53,1,-1,-1,-1
370,216,218.91,100.58,28.81,29.20,1,-1,-1,-1
371,218,471.89,147.45,47.12,44.64,1,-1,-1,-1
371,216,219.26,101.99,27.96,28.32,1,-1,-1,-1
372,218,471.17,142.10,47.13,44.56,1,-1,-1,-1
372,216,219.09,103.69,27.95,28.29,1,-1,-1,-1
373,218,471.45,139.20,47.09,44.45,1,-1,-1,-1
373,216,217.61,105.79,28.11,28.37,1,-1,-1,-1
374,222,264.50,87.25,51.49,49.09,1,-1,-1,-1
374,218,471.59,135.97,46.62,43.91,1,-1,-1,-1
374,216,218.13,108.01,27.01,27.19,1,-1,-1,-1
375,222,264.25,88.61,51.56,48.78,1,-1,-1,-1
375,218,471.51,132.94,46.33,43.63,1,-1,-1,-1
375,216,218.68,108.74,26.06,26.07,1,-1,-1,-1
376,222,265.36,90.13,49.27,47.40,1,-1,-1,-1
376,218,470.74,129.89,45.44,42.78,1,-1,-1,-1
376,216,219.15,110.36,25.30,25.13,1,-1,-1,-1
377,222,264.78,90.23,47.63,45.94,1,-1,-1,-1
377,218,470.35,127.00,45.73,43.04,1,-1,-1,-1
377,216,218.98,111.72,24.65,24.39,1,-1,-1,-1
378,222,265.07,92.79,46.21,44.69,1,-1,-1,-1
378,218,470.26,124.68,45.49,42.79,1,-1,-1,-1
378,216,218.18,113.32,24.43,24.17,1,-1,-1,-1
379,222,265.55,94.04,45.64,44.34,1,-1,-1,-1
379,218,469.29,119.91,45.90,43.13,1,-1,-1,-1
379,216,217.88,114.71,24.53,24.20,1,-1,-1,-1
380,222,266.35,97.07,44.59,43.94,1,-1,-1,-1
380,218,468.92,117.25,45.59,42.56,1,-1,-1,-1
380,216,217.85,115.47,24.12,23.80,1,-1,-1,-1
381,222,263.61,95.90,44.37,43.76,1,-1,-1,-1
381,218,468.63,115.10,45.26,42.11,1,-1,-1,-1
381,216,217.83,116.59,24.02,23.68,1,-1,-1,-1
382,222,264.52,98.75,44.55,43.84,1,-1,-1,-1
382,218,469.18,112.67,44.47,41.25,1,-1,-1,-1
382,216,217.72,117.76,23.74,23.39,1,-1,-1,-1
383,222,262.69,99.77,47.94,46.58,1,-1,-1,-1
383,218,468.94,110.75,43.59,40.49,1,-1,-1,-1
383,216,217.65,120.33,23.88,23.72,1,-1,-1,-1
384,222,260.39,97.85,46.87,45.65,1,-1,-1,-1
384,218,469.08,107.95,42.98,40.04,1,-1,-1,-1
384,216,217.80,121.46,24.05,23.97,1,-1,-1,-1
385,222,258.82,96.75,46.53,44.20,1,-1,-1,-1
385,218,469.28,105.35,43.03,40.14,1,-1,-1,-1
385,216,217.19,122.36,23.73,23.64,1,-1,-1,-1
386,222,260.40,99.49,46.06,44.04,1,-1,-1,-1
386,218,469.53,103.19,42.66,39.70,1,-1,-1,-1
386,216,216.72,123.76,23.28,23.12,1,-1,-1,-1
387,222,260.18,100.98,46.40,44.43,1,-1,-1,-1
387,218,471.58,101.01,39.99,38.32,1,-1,-1,-1
387,216,216.69,125.10,23.00,22.76,1,-1,-1,-1
388,222,259.78,101.60,46.53,44.48,1,-1,-1,-1
388,218,470.52,95.64,40.88,38.67,1,-1,-1,-1
388,216,216.67,126.24,23.05,22.71,1,-1,-1,-1
389,222,259.05,102.74,46.31,43.97,1,-1,-1,-1
389,218,470.09,92.30,41.56,39.07,1,-1,-1,-1
390,222,258.50,103.89,46.08,43.29,1,-1,-1,-1
390,218,470.15,88.96,41.92,39.41,1,-1,-1,-1
391,222,256.45,102.60,46.38,43.28,1,-1,-1,-1
391,218,470.49,85.51,41.95,39.34,1,-1,-1,-1
392,222,255.42,102.54,46.36,43.01,1,-1,-1,-1
392,218,470.27,82.80,42.32,39.74,1,-1,-1,-1
393,222,254.32,102.49,46.73,43.32,1,-1,-1,-1
393,218,471.25,79.37,41.32,40.05,1,-1,-1,-1
394,222,252.79,102.70,46.59,43.17,1,-1,-1,-1
394,218,470.46,73.52,42.51,40.73,1,-1,-1,-1
395,222,252.45,104.01,45.48,42.02,1,-1,-1,-1
395,218,469.66,70.51,43.35,41.10,1,-1,-1,-1
396,222,252.36,105.40,44.27,40.73,1,-1,-1,-1
396,218,469.43,67.82,43.63,41.18,1,-1,-1,-1
397,225,124.87,46.44,25.40,23.91,1,-1,-1,-1
397,222,251.74,105.40,43.83,40.19,1,-1,-1,-1
397,218,468.99,64.95,43.14,40.54,1,-1,-1,-1
398,225,124.44,46.85,26.90,24.91,1,-1,-1,-1
398,222,251.42,107.76,41.95,39.05,1,-1,-1,-1
398,218,467.46,60.47,43.35,40.82,1,-1,-1,-1
399,225,125.34,48.77,26.19,24.30,1,-1,-1,-1
399,222,251.49,109.56,39.99,37.50,1,-1,-1,-1
399,218,466.99,57.07,43.09,40.73,1,-1,-1,-1
400,225,125.73,50.08,25.41,23.63,1,-1,-1,-1
400,222,251.38,110.45,38.91,36.74,1,-1,-1,-1
400,218,467.08,55.31,42.60,40.23,1,-1,-1,-1
401,225,125.25,51.24,24.33,22.70,1,-1,-1,-1
401,222,251.77,112.34,37.51,35.38,1,-1,-1,-1
401,218,465.11,48.93,43.11,40.74,1,-1,-1,-1
402,225,125.17,52.41,23.20,21.72,1,-1,-1,-1
402,222,251.80,113.53,35.89,34.29,1,-1,-1,-1
402,218,465.05,44.76,42.60,40.16,1,-1,-1,-1
403,225,125.08,53.61,22.83,21.38,1,-1,-1,-1
403,222,253.03,114.91,34.08,32.74,1,-1,-1,-1
403,218,464.77,41.29,42.19,39.86,1,-1,-1,-1
404,225,124.50,54.85,22.65,21.24,1,-1,-1,-1
404,222,253.46,116.45,32.76,31.60,1,-1,-1,-1
404,218,463.64,37.15,42.27,40.11,1,-1,-1,-1
405,225,124.13,56.17,23.82,22.38,1,-1,-1,-1
405,222,253.16,116.61,32.51,31.66,1,-1,-1,-1
405,218,463.15,34.07,42.50,40.44,1,-1,-1,-1
406,225,123.68,57.22,24.45,22.93,1,-1,-1,-1
406,222,253.08,117.41,32.11,31.36,1,-1,-1,-1
406,218,462.55,31.89,42.69,40.74,1,-1,-1,-1
407,225,122.86,57.38,24.90,23.27,1,-1,-1,-1
407,222,252.38,117.63,32.24,31.59,1,-1,-1,-1
407,218,462.46,25.68,41.08,40.20,1,-1,-1,-1
408,225,122.81,58.08,24.84,23.20,1,-1,-1,-1
408,222,251.90,118.55,31.73,31.08,1,-1,-1,-1
408,218,462.06,20.96,41.64,40.47,1,-1,-1,-1
409,225,122.38,58.53,24.71,23.11,1,-1,-1,-1
409,222,251.53,119.39,31.20,30.57,1,-1,-1,-1
409,218,461.57,17.11,41.50,40.20,1,-1,-1,-1
410,225,121.80,58.97,24.95,23.41,1,-1,-1,-1
410,222,251.57,121.17,30.05,29.52,1,-1,-1,-1
410,218,460.69,13.45,41.61,40.35,1,-1,-1,-1
411,225,122.62,62.06,24.86,23.57,1,-1,-1,-1
411,222,251.34,122.55,29.45,28.96,1,-1,-1,-1
411,218,459.58,9.04,41.26,41.70,1,-1,-1,-1
412,225,122.63,63.49,25.23,24.03,1,-1,-1,-1
412,222,251.28,123.73,28.83,28.43,1,-1,-1,-1
412,218,458.60,5.19,41.43,42.55,1,-1,-1,-1
413,225,121.54,63.73,27.18,25.88,1,-1,-1,-1
413,222,251.08,124.75,28.15,27.80,1,-1,-1,-1
413,218,459.41,2.17,40.00,41.94,1,-1,-1,-1
414,225,120.76,64.77,28.14,26.88,1,-1,-1,-1
414,222,250.93,126.01,27.39,26.88,1,-1,-1,-1
414,218,459.88,-1.08,38.79,41.19,1,-1,-1,-1
415,225,119.75,65.39,29.53,28.14,1,-1,-1,-1
415,222,250.57,127.26,26.88,26.38,1,-1,-1,-1
415,218,459.87,-2.21,38.42,40.37,1,-1,-1,-1
416,225,119.21,66.03,30.62,29.09,1,-1,-1,-1
416,222,250.21,128.71,26.62,26.07,1,-1,-1,-1
416,218,459.42,-2.91,38.30,38.90,1,-1,-1,-1
417,225,116.84,66.04,34.15,32.04,1,-1,-1,-1
417,222,250.60,130.78,26.21,25.33,1,-1,-1,-1
417,218,459.88,-3.53,38.84,36.46,1,-1,-1,-1
418,225,115.20,66.52,36.46,33.92,1,-1,-1,-1
418,222,251.43,132.83,25.06,24.20,1,-1,-1,-1
418,218,459.64,-3.86,39.65,33.56,1,-1,-1,-1
419,225,115.65,68.48,35.15,33.07,1,-1,-1,-1
419,222,251.65,134.59,24.13,23.29,1,-1,-1,-1
419,218,460.66,-4.47,37.91,30.48,1,-1,-1,-1
420,222,251.13,135.97,23.71,22.86,1,-1,-1,-1
421,222,251.39,138.14,22.95,22.16,1,-1,-1,-1
422,222,252.39,140.52,21.95,21.24,1,-1,-1,-1
423,222,252.36,142.06,21.50,20.87,1,-1,-1,-1
425,225,112.48,75.31,41.90,37.60,1,-1,-1,-1
426,225,112.06,76.96,42.26,37.84,1,-1,-1,-1
427,229,181.47,169.57,31.09,27.98,1,-1,-1,-1
427,225,111.38,78.40,42.37,37.79,1,-1,-1,-1
428,229,181.82,171.05,29.20,26.47,1,-1,-1,-1
428,225,110.67,80.23,42.65,38.16,1,-1,-1,-1
429,229,180.24,172.36,29.67,26.48,1,-1,-1,-1
429,225,110.07,81.29,43.03,38.48,1,-1,-1,-1
430,225,109.44,81.60,43.78,39.00,1,-1,-1,-1
431,225,109.31,83.78,43.89,39.17,1,-1,-1,-1
432,225,109.38,85.35,44.08,39.37,1,-1,-1,-1
